2 1 1.12562 0.000135468 0.02000000000000
3 1 1.18103 0.000381773 0.02000000000000
4 1 1.18842 0.000480296 0.02000000000000
5 1 1.26355 0.000960591 0.03000000000000
6 1 1.54926 0.00826355 0.09000000000000
7 1 1.45813 0.0037931 0.05000000000000
8 1 1.35345 0.000738916 0.02000000000000
9 1 1.8867 0.0116749 0.12000000000000
10 1 1.68966 0.00332512 0.05000000000000
11 1 1.5702 0.00137931 0.05000000000000
12 1 1.87931 0.00605911 0.07000000000000
13 1 1.77956 0.00121921 0.02000000000000
14 1 2.11823 0.00455665 0.03000000000000
15 1 2.85591 0.0234483 0.25000000000000
16 1 2.78079 0.0249261 0.16000000000000
17 1 2.88177 0.0195074 0.15000000000000
18 1 3.51665 0.031455 0.33000000000000
19 1 2.88424 0.00738916 0.08000000000000
20 1 2.58498 0.00778325 0.10000000000000
21 1 3.4532 0.0301478 0.21000000000000
22 1 2.9064 0.0268596 0.18000000000000
23 1 4.14655 0.0453941 0.22000000000000
24 1 4.51601 0.0378325 0.30000000000000
25 1 4.00616 0.042266 0.36000000000000
26 1 4.867 0.0683374 0.78000000000000
27 1 4.33621 0.0403448 0.30000000000000
28 1 4.49261 0.0360837 0.23000000000000
29 1 4.53818 0.0415148 0.29000000000000
30 1 4.61946 0.0484483 0.33000000000000
31 1 4.82882 0.0319212 0.31000000000000
32 1 4.71552 0.0396059 0.33000000000000
33 1 4.03448 0.0370813 0.24000000000000
34 1 6.8165 0.11032 0.49000000000000
35 1 6.53152 0.111904 0.82000000000000
36 1 5.79803 0.0907882 0.50000000000000
37 1 5.70787 0.0693383 0.62000000000000
38 1 6.33292 0.0776238 0.49000000000000
39 1 6.58251 0.0609483 0.42000000000000
40 1 7.04433 0.0653325 0.49000000000000
41 1 6.38916 0.0661576 0.48000000000000
42 1 8.4254 0.0674599 0.44000000000000
43 1 7.37221 0.107072 0.82000000000000
44 1 6.88169 0.0420672 0.29000000000000
45 1 10.1085 0.164501 0.66000000000000
46 1 8.20247 0.152506 0.85000000000000
47 1 7.62438 0.100431 0.71000000000000
48 1 8.16 0.133562 0.89000000000000
49 1 10.8416 0.168168 0.66000000000000
50 1 8.88504 0.0884549 0.66000000000000
51 1 8.96798 0.112278 0.54000000000000
52 1 9.55734 0.0781998 0.38000000000000
53 1 7.0899 0.139569 0.99000000000000
54 1 9.99877 0.142697 0.91000000000000
55 1 11.8411 0.135948 0.85000000000000
56 1 13.0764 0.223128 1.42000000000000
57 1 12.562 0.151563 0.64000000000000
58 1 12.7783 0.156207 0.85000000000000
59 1 12.1184 0.159001 1.06000000000000
60 1 10.6071 0.172993 0.81000000000000
61 1 12.6687 0.0855172 0.52000000000000
62 1 13.2417 0.134846 0.82000000000000
63 1 13.1603 0.116967 0.56000000000000
64 1 10.7241 0.165702 1.05000000000000
65 1 12.5217 0.111673 0.92000000000000
66 1 14.9541 0.178586 0.94000000000000
67 1 13.5727 0.164852 0.88000000000000
68 1 12.1527 0.192426 1.43000000000000
69 1 14.8892 0.187463 1.14000000000000
70 1 14.6802 0.176432 0.84000000000000
71 1 11.984 0.254753 1.96000000000000
72 1 17.7324 0.240432 0.99000000000000
73 1 15.418 0.299383 1.75000000000000
74 1 17.431 0.277869 1.21000000000000
75 1 23.4634 0.336422 1.45000000000000
76 1 14.358 0.251593 1.50000000000000
77 1 16.7268 0.192781 1.08000000000000
78 1 19.5093 0.13057 0.72000000000000
79 1 16.4938 0.332919 1.18000000000000
80 1 18.5043 0.260321 1.47000000000000
81 1 17.5296 0.234975 0.92000000000000
82 1 17.995 0.21884 1.35000000000000
83 1 17.1195 0.256256 1.13000000000000
84 1 19.3559 0.130567 0.86000000000000
85 1 18.2756 0.299184 1.45000000000000
86 1 18.3046 0.31418 2.17000000000000
87 1 19.1062 0.288136 1.31000000000000
88 1 19.4435 0.211516 0.97000000000000
89 1 21.2386 0.250643 1.09000000000000
90 1 20.0494 0.357185 1.39000000000000
91 1 19.3868 0.387251 1.82000000000000
92 1 23.3453 0.324666 1.33000000000000
93 1 20.7352 0.274569 1.46000000000000
94 1 18.5373 0.410286 2.60000000000000
95 1 21.7771 0.3625 2.48000000000000
96 1 25.1712 0.189852 0.70000000000000
97 1 20.6568 0.388765 2.68000000000000
98 1 20.5946 0.272534 1.27000000000000
99 1 24.7645 0.199383 1.32000000000000
100 1 18.4359 0.253794 0.94000000000000
101 1 27.2478 0.269815 1.70000000000000
102 1 21.7867 0.458779 2.25000000000000
103 1 25.7611 0.406256 1.88000000000000
104 1 22.4618 0.308005 1.67000000000000
105 1 28.4525 0.400407 1.91000000000000
106 1 22.3889 0.421765 1.59000000000000
107 1 23.4286 0.376638 1.91000000000000
108 1 34.6773 0.317968 1.57000000000000
109 1 31.5074 0.218079 0.92000000000000
110 1 24.1564 0.247869 1.02000000000000
111 1 29.5877 0.321235 1.63000000000000
112 1 25.5394 0.229273 1.39000000000000
113 1 34.9583 0.553135 2.69000000000000
114 1 27.579 0.456432 1.55000000000000
115 1 30.0088 0.466696 2.47000000000000
116 1 17.0741 0.369012 1.83000000000000
117 1 30.4075 0.453193 2.41000000000000
118 1 27.9261 0.442586 1.75000000000000
119 1 23.1137 0.246601 1.30000000000000
120 1 29.9346 0.319642 1.61000000000000
121 1 29.4741 0.264198 1.41000000000000
122 1 36.8571 0.412512 1.77000000000000
123 1 35.9482 0.380148 1.34000000000000
124 1 26.8508 0.352219 1.26000000000000
125 1 27.1441 0.291281 1.70000000000000
126 1 32.7382 0.401931 1.46000000000000
127 1 31.7078 0.25656 1.53000000000000
128 1 32.1492 0.251406 1.11000000000000
129 1 26.5561 0.404464 1.83000000000000
130 1 26.1137 0.70241 2.77000000000000
131 1 30.27 0.37561 1.60000000000000
132 1 29.8739 0.365755 1.51000000000000
133 1 37.0173 0.174291 0.61000000000000
134 1 30.617 0.544397 2.34000000000000
135 1 37.4164 0.66285 2.47000000000000
136 1 36.9217 0.518977 1.93000000000000
137 1 35.1194 0.539502 2.77000000000000
138 1 31.7198 0.36963 1.63000000000000
139 1 34.7559 0.258163 1.48000000000000
140 1 34.6853 0.321177 1.25000000000000
141 1 41.8832 0.57652 1.87000000000000
142 1 34.766 0.298596 1.79000000000000
143 1 29.7428 0.42583 2.21000000000000
144 1 38.6256 0.505025 3.19000000000000
145 1 31.273 0.416129 1.90000000000000
146 1 30.6741 0.549704 2.67000000000000
147 1 33.8348 0.455253 1.77000000000000
148 1 28.4027 0.49814 1.87000000000000
149 1 34.9317 0.284025 0.96000000000000
150 1 42.9875 0.554536 2.22000000000000
151 1 48.0996 0.485019 2.59000000000000
152 1 21.4599 0.75476 3.36000000000000
153 1 30.5414 0.549456 2.70000000000000
154 1 47.0431 0.5717 2.39000000000000
155 1 43.5728 0.543469 2.60000000000000
156 1 46.4569 0.41681 2.37000000000000
157 1 37.2138 0.446138 2.08000000000000
158 1 35.0554 0.615431 2.23000000000000
159 1 47.053 0.383157 1.83000000000000
160 1 52.1011 0.712232 3.22000000000000
161 1 41.1998 0.756621 2.67000000000000
162 1 40.984 0.359778 1.47000000000000
163 1 29.6387 0.725808 3.84000000000000
164 1 49.335 0.408854 1.84000000000000
165 1 63.8703 0.495224 1.78000000000000
166 1 46.9141 0.451932 2.11000000000000
167 1 45.6564 0.274054 1.33000000000000
168 1 37.8598 0.466721 1.73000000000000
169 1 55.7215 0.698076 3.59000000000000
170 1 47.2451 0.478781 2.41000000000000
171 1 47.9501 0.565973 2.45000000000000
172 1 42.3543 0.651123 3.05000000000000
173 1 30.6444 0.657049 3.03000000000000
174 1 43.0451 0.496733 2.61000000000000
175 1 38.2346 0.350259 2.00000000000000
176 1 46.4762 0.962368 3.98000000000000
177 1 52.6527 0.362438 1.69000000000000
178 1 43.1867 0.444277 2.10000000000000
179 1 47.032 0.563411 2.99000000000000
180 1 48.958 0.269654 1.06000000000000
181 1 27.7217 0.702241 3.32000000000000
182 1 45.0234 0.482365 2.42000000000000
183 1 40.7023 0.758466 3.61000000000000
184 1 41.0345 0.621466 3.00000000000000
185 1 55.4799 0.97593 3.47000000000000
186 1 40.8156 0.375433 1.44000000000000
187 1 38.3569 0.31145 1.27000000000000
188 1 50.1566 0.524957 1.93000000000000
189 1 50.412 0.664395 2.22000000000000
190 1 43.7398 1.00393 3.86000000000000
191 1 38.6786 0.397254 1.80000000000000
192 1 65.3304 0.786108 3.19000000000000
193 1 62.3781 0.812303 3.97000000000000
194 1 47.5783 0.636473 2.49000000000000
195 1 50.3576 0.480074 2.18000000000000
196 1 49.3477 0.296227 1.25000000000000
197 1 41.8436 0.669667 3.00000000000000
198 1 48.7772 0.596684 2.39000000000000
199 1 54.3054 0.591933 2.70000000000000
