2 1 1.15517 0.000147783 0.01000000000000
3 1 1.14409 0.000357143 0.02000000000000
4 1 1.19335 0.00046798 0.04000000000000
5 1 1.3165 0.00137931 0.06000000000000
6 1 1.16379 0.00125616 0.05000000000000
7 1 1.48892 0.00215517 0.05000000000000
8 1 1.52404 0.00401973 0.05000000000000
9 1 1.85714 0.00682266 0.10000000000000
10 1 1.67118 0.00539409 0.14000000000000
11 1 1.71182 0.00639163 0.12000000000000
12 1 1.94335 0.00821429 0.15000000000000
13 1 2.08498 0.00866995 0.08000000000000
14 1 2.26478 0.00593596 0.08000000000000
15 1 2.2032 0.005 0.08000000000000
16 1 2.26847 0.0169704 0.21000000000000
17 1 2.7697 0.00915025 0.10000000000000
18 1 2.89901 0.015 0.21000000000000
19 1 2.40394 0.00974138 0.10000000000000
20 1 3.07512 0.0159606 0.18000000000000
21 1 3.22291 0.0215394 0.33000000000000
22 1 3.40814 0.0236005 0.34000000000000
23 1 4.50246 0.0569581 0.35000000000000
24 1 4.39532 0.037931 0.39000000000000
25 1 3.45813 0.0294951 0.24000000000000
26 1 4.11207 0.04633 0.31000000000000
27 1 4.42488 0.0437438 0.49000000000000
28 1 6.25 0.0892488 0.66000000000000
29 1 5.19704 0.0720197 0.46000000000000
30 1 4.57337 0.0489026 0.35000000000000
31 1 4.62192 0.0511576 0.34000000000000
32 1 5.03325 0.0726478 0.64000000000000
33 1 6.85468 0.0682512 0.56000000000000
34 1 5.30419 0.0476601 0.42000000000000
35 1 6.02833 0.0537685 0.32000000000000
36 1 5.48522 0.0681773 0.59000000000000
37 1 6.95511 0.0807481 0.71000000000000
38 1 5.26355 0.0548276 0.27000000000000
39 1 7.33744 0.144101 0.78000000000000
40 1 7.37808 0.0752833 0.57000000000000
41 1 8.3436 0.15436 0.66000000000000
42 1 8.51975 0.109259 0.68000000000000
43 1 7.07143 0.09 0.50000000000000
44 1 8.01233 0.0781998 0.61000000000000
45 1 7.70777 0.0970654 0.98000000000000
46 1 9.99258 0.133115 0.64000000000000
47 1 9.28148 0.0995432 0.50000000000000
48 1 10.6613 0.168966 0.84000000000000
49 1 8.1381 0.0851911 0.69000000000000
50 1 7.81953 0.102658 0.62000000000000
51 1 9.79433 0.152722 1.14000000000000
52 1 10.3963 0.169354 0.87000000000000
53 1 7.42663 0.107867 0.57000000000000
54 1 9.1529 0.120937 0.52000000000000
55 1 11.5968 0.16567 1.04000000000000
56 1 10.2968 0.124298 0.59000000000000
57 1 10.0877 0.23663 1.29000000000000
58 1 10.884 0.0917901 0.52000000000000
59 1 12.3793 0.189224 1.27000000000000
60 1 12.2099 0.137148 0.77000000000000
61 1 14.6079 0.151159 0.83000000000000
62 1 12.1564 0.179914 0.74000000000000
63 1 10.7389 0.216367 1.15000000000000
64 1 14.1835 0.11016 0.80000000000000
65 1 12.7857 0.157783 1.02000000000000
66 1 13.8163 0.180358 0.81000000000000
67 1 13.8052 0.192047 0.99000000000000
68 1 13.6195 0.254766 1.63000000000000
69 1 17.6671 0.268742 1.87000000000000
70 1 15.1909 0.139002 0.62000000000000
71 1 17.7266 0.331539 1.82000000000000
72 1 17.0283 0.211158 1.16000000000000
73 1 15.9239 0.219838 1.51000000000000
74 1 15.5764 0.122697 0.65000000000000
75 1 16.3739 0.160236 0.81000000000000
76 1 12.8138 0.203687 1.49000000000000
77 1 15.8 0.288745 1.76000000000000
78 1 17.3218 0.163058 1.12000000000000
79 1 17.5751 0.125025 0.57000000000000
80 1 17.5272 0.310395 1.54000000000000
81 1 15.6498 0.167534 0.83000000000000
82 1 21.799 0.24016 1.49000000000000
83 1 20.569 0.37431 1.69000000000000
84 1 17.8002 0.378064 1.86000000000000
85 1 15.8719 0.184532 1.04000000000000
86 1 13.873 0.262279 1.74000000000000
87 1 19.1034 0.190123 0.83000000000000
88 1 18.8483 0.339211 1.61000000000000
89 1 17.6535 0.125179 0.61000000000000
90 1 22.0469 0.305808 1.19000000000000
91 1 22.2414 0.42218 1.52000000000000
92 1 16.2366 0.234504 1.19000000000000
93 1 19.8448 0.284532 1.24000000000000
94 1 19.6219 0.352438 2.57000000000000
95 1 27.0283 0.247759 1.33000000000000
96 1 16.4735 0.192898 0.82000000000000
97 1 22.4889 0.234433 0.85000000000000
98 1 25.7 0.413296 2.19000000000000
99 1 23.6847 0.174791 1.27000000000000
100 1 26.5345 0.150419 0.63000000000000
101 1 20.1663 0.258089 1.00000000000000
102 1 23.6708 0.286621 1.35000000000000
103 1 28.4074 0.257556 1.14000000000000
104 1 25.0635 0.357933 1.71000000000000
105 1 24.2537 0.350259 1.96000000000000
106 1 26.5038 0.254749 1.37000000000000
107 1 16.202 0.369863 1.44000000000000
108 1 25.4778 0.271884 1.53000000000000
109 1 19.9667 0.264569 1.08000000000000
110 1 25.5603 0.292241 1.27000000000000
111 1 22.8185 0.163012 0.68000000000000
112 1 19.8866 0.347435 1.76000000000000
113 1 26.3276 0.536773 2.79000000000000
114 1 23.9729 0.28782 1.27000000000000
115 1 23.9409 0.323079 1.95000000000000
116 1 32.4636 0.248619 1.29000000000000
117 1 27.7928 0.334599 1.44000000000000
118 1 39.8112 0.591714 2.30000000000000
119 1 28.7722 0.266736 1.30000000000000
120 1 38.985 0.527778 2.31000000000000
121 1 29.1846 0.422776 2.21000000000000
122 1 27.2887 0.352739 1.20000000000000
123 1 35.8195 0.261632 1.19000000000000
124 1 21.0841 0.348708 1.38000000000000
125 1 31.7254 0.351958 1.76000000000000
126 1 25.1628 0.149618 0.78000000000000
127 1 37.9791 0.48133 2.92000000000000
128 1 27.9517 0.60896 2.64000000000000
129 1 32.3645 0.419803 2.42000000000000
130 1 27.7619 0.283371 1.48000000000000
131 1 42.0426 0.330489 1.41000000000000
132 1 33.8826 0.748951 2.87000000000000
133 1 34.6222 0.61116 3.23000000000000
134 1 43.293 0.751247 2.47000000000000
135 1 30.6436 0.451572 2.08000000000000
136 1 34.1529 0.264303 1.36000000000000
137 1 36.8372 0.355068 1.59000000000000
138 1 34.7843 0.365012 1.57000000000000
139 1 33.5628 0.347882 1.55000000000000
140 1 37.6848 0.364388 1.58000000000000
141 1 34.2531 0.416123 1.75000000000000
142 1 44.9704 0.373654 2.06000000000000
143 1 49.527 0.359523 1.40000000000000
144 1 29.3077 0.417481 2.27000000000000
145 1 44.101 0.354926 1.73000000000000
146 1 36.8917 0.449054 2.18000000000000
147 1 42.3005 0.419138 2.08000000000000
148 1 33.1443 0.476683 1.70000000000000
149 1 42.4284 0.536049 2.69000000000000
150 1 39.7711 0.359813 2.14000000000000
151 1 35.5246 0.520665 2.32000000000000
152 1 40.3818 0.460911 2.25000000000000
153 1 34.8181 0.513902 2.31000000000000
154 1 40.6576 0.467328 1.68000000000000
155 1 40.468 0.610185 3.00000000000000
156 1 33.8214 0.261909 1.10000000000000
157 1 37.9173 0.532519 2.68000000000000
158 1 43.2256 0.422959 1.56000000000000
159 1 46.133 0.372278 1.63000000000000
160 1 35.164 0.758075 3.07000000000000
161 1 31.1724 0.370209 1.65000000000000
162 1 34.2723 0.845496 4.13000000000000
163 1 31.4155 0.465906 2.13000000000000
164 1 47.2116 0.400817 1.41000000000000
165 1 35.5342 0.704334 2.33000000000000
166 1 40.842 0.361556 2.26000000000000
167 1 50.8951 0.44084 2.02000000000000
168 1 36.0963 0.443383 1.98000000000000
169 1 37.4458 0.650764 2.93000000000000
170 1 43.8337 0.491059 2.55000000000000
171 1 41.1172 0.549564 2.33000000000000
172 1 32.8426 0.434709 1.71000000000000
173 1 36.114 0.576927 3.13000000000000
174 1 57.1012 0.517358 2.35000000000000
175 1 51.1557 0.352991 1.43000000000000
176 1 40.216 0.535383 2.45000000000000
177 1 46.2771 0.341872 1.21000000000000
178 1 38.7148 0.527864 2.55000000000000
179 1 38.1159 0.420395 1.95000000000000
180 1 47.9975 0.377549 1.75000000000000
181 1 29.1063 0.652519 2.47000000000000
182 1 49.2057 0.468756 2.40000000000000
183 1 49.9988 0.313696 1.50000000000000
184 1 50.0187 0.622985 2.95000000000000
185 1 46.4238 0.593841 1.91000000000000
186 1 42.1404 0.534495 2.62000000000000
187 1 45.5409 0.846737 4.07000000000000
188 1 55.4782 0.787821 3.20000000000000
189 1 46.979 0.979431 4.25000000000000
190 1 44.6424 0.543527 2.14000000000000
191 1 42.6988 0.920741 4.29000000000000
192 1 46.0247 0.573815 2.53000000000000
193 1 45.7611 0.541355 2.23000000000000
194 1 43.7241 0.769212 3.32000000000000
195 1 35.3548 0.468728 1.96000000000000
196 1 50.1589 0.232562 1.19000000000000
197 1 43.0786 0.524339 2.45000000000000
198 1 47.5112 0.745794 3.36000000000000
199 1 55.234 0.792488 3.56000000000000
