2 100 1.011 0.0004 0.655 4.89
3 100 1.034 0.00069 0.646 4.915
4 100 1.038 0.0008 0.642 4.92
5 100 1.045 0.0009 0.666 5.048
6 100 1.053 0.00109 0.657 4.968
7 100 1.057 0.00086 0.636 4.863
8 100 1.048 0.00124 0.664 5.076
9 100 1.149 0.00106 0.658 5.061
10 100 1.066 0.00147 0.668 4.918
11 100 1.069 0.0018 0.67 5.155
12 100 1.1 0.00159 0.66 5.059
13 100 1.114 0.00191 0.682 5.204
14 100 1.177 0.00179 0.673 5.193
15 100 1.092 0.00105 0.663 5.129
16 100 1.112 0.002 0.665 5.13
17 100 1.18637 0.00205411 0.663327 4.97595
18 100 1.101 0.00179 0.674 5.16
19 100 1.1 0.00249 0.685 5.148
20 100 1.107 0.00232 0.678 4.994
21 100 1.16 0.00193 0.677 5.217
22 100 1.14 0.00152 0.646 5.008
23 100 1.091 0.00158 0.668 5.104
24 100 1.269 0.00214 0.687 5.179
25 100 1.193 0.0014 0.682 5.226
26 100 1.153 0.00192 0.678 5.187
27 100 1.163 0.00151 0.719 5.325
28 100 1.119 0.00265 0.679 5.044
29 100 1.134 0.00319 0.677 5.125
30 100 1.162 0.00322 0.687 5.391
31 100 1.149 0.00356 0.693 5.236
32 100 1.165 0.00384 0.679 5.296
33 100 1.168 0.00376 0.674 5.172
34 100 1.172 0.00317 0.703 5.267
35 100 1.168 0.00187 0.673 5.224
36 100 1.127 0.00212 0.643 5.073
37 100 1.206 0.00287 0.706 5.165
38 100 1.162 0.00422 0.664 5.307
39 100 1.171 0.00432 0.689 5.23
40 100 1.148 0.00337 0.657 5.093
41 100 1.159 0.00454 0.653 4.939
42 100 1.172 0.00325 0.677 5.173
43 100 1.224 0.00424 0.69 5.287
44 100 1.163 0.00473 0.664 5.023
45 100 1.223 0.00427 0.706 5.133
46 100 1.24 0.00282 0.693 5.252
47 100 1.166 0.00346 0.701 5.261
48 100 1.21021 0.0051952 0.670671 5.14715
49 100 1.335 0.00532 0.661 5.17
50 100 1.205 0.00519 0.675 5.191
51 100 1.18036 0.00569138 0.703407 5.23747
52 100 1.212 0.00539 0.677 5.22
53 100 1.343 0.00515 0.731 5.474
54 100 1.19739 0.00608216 0.687375 5.15832
55 100 1.20341 0.00607214 0.691383 5.23146
56 100 1.246 0.00318 0.674 5.19
57 100 1.188 0.003 0.656 4.953
58 100 1.171 0.0063 0.667 5.087
59 100 1.21922 0.0063964 0.675676 5.18018
60 100 1.303 0.00651 0.71 5.233
61 100 1.219 0.007 0.692 5.175
62 100 1.222 0.00644 0.71 5.168
63 100 1.24925 0.00697698 0.660661 5.10711
64 100 1.248 0.00724 0.682 5.091
65 100 1.257 0.00726 0.674 5.122
66 100 1.224 0.00416 0.686 5.136
67 100 1.32 0.00396 0.685 5.151
68 100 1.4034 0.00377377 0.67968 5.12713
69 100 1.17918 0.00745746 0.68969 5.38038
70 100 1.27455 0.00614228 0.736473 5.34068
71 100 1.174 0.00757 0.66 5.144
72 100 1.313 0.00758 0.704 5.462
73 100 1.21922 0.00806807 0.695696 5.14414
74 100 1.215 0.00394 0.699 5.123
75 100 1.398 0.00502 0.695 5.233
76 100 1.272 0.0088 0.706 5.26
77 100 1.3006 0.00835671 0.674349 5.18737
78 100 1.244 0.00826 0.686 5.19
79 100 1.243 0.00858 0.706 5.249
80 100 1.29259 0.00874749 0.692385 5.28156
81 100 1.26026 0.00837838 0.691692 5.1982
82 100 1.361 0.00886 0.708 5.325
83 100 1.316 0.00882 0.736 5.286
84 100 1.738 0.00587 0.734 5.458
85 100 1.27327 0.00891892 0.697698 5.2983
86 100 1.24297 0.00904618 0.684739 5.21687
87 100 1.44925 0.00773869 0.729648 5.36784
88 100 1.375 0.00568 0.701 5.356
89 100 1.243 0.00471 0.691 5.327
90 100 1.315 0.00474 0.683 5.19
91 100 1.575 0.00913 0.681 5.333
92 100 1.433 0.00439 0.71 5.367
93 100 1.279 0.01012 0.743 5.294
94 100 1.289 0.01034 0.708 5.2
95 100 1.27427 0.0104905 0.690691 5.17818
96 100 1.285 0.00899 0.719 5.497
97 100 1.382 0.00493 0.681 5.398
98 100 1.22144 0.010982 0.678357 5.07315
99 100 1.34434 0.00690691 0.706707 5.34434
100 100 1.412 0.00678 0.727 5.45
101 100 1.504 0.01159 0.719 5.421
102 100 1.32064 0.0098497 0.702405 5.24749
103 100 1.32164 0.0106713 0.723447 5.32265
104 100 1.304 0.00583 0.737 5.304
105 100 1.271 0.01119 0.68 5.287
106 100 1.34102 0.0120361 0.724173 5.47242
107 100 1.33534 0.00826827 0.70971 5.15516
108 100 1.2976 0.0123747 0.705411 5.32064
109 100 1.48549 0.0103203 0.681682 5.35536
110 100 1.514 0.00615 0.714 5.345
111 100 1.38878 0.00654309 0.700401 5.27756
112 100 1.34 0.01211 0.707 5.289
113 100 1.42026 0.0121063 0.776329 5.53059
114 100 1.457 0.01207 0.703 5.382
115 100 1.333 0.01234 0.663 5.292
116 100 1.4955 0.011962 0.692693 5.3003
117 100 1.33701 0.00727182 0.685055 5.17452
118 100 1.343 0.00726 0.721 5.206
119 100 1.385 0.01244 0.752 5.529
120 100 1.38639 0.0126927 0.711712 5.21822
121 100 1.362 0.00655 0.697 5.414
122 100 1.392 0.00762 0.713 5.219
123 100 1.28657 0.00628257 0.730461 5.34669
124 100 1.287 0.00741 0.684 5.458
125 100 1.592 0.01337 0.686 5.449
126 100 1.61962 0.0127427 0.708709 5.56657
127 100 1.31832 0.012993 0.713714 5.39139
128 100 1.35571 0.0100601 0.726453 5.61423
129 100 1.452 0.00713 0.701 5.391
130 100 1.359 0.01386 0.718 5.443
131 100 1.43944 0.013954 0.700701 5.42442
132 100 1.627 0.01253 0.695 5.434
133 100 1.57615 0.00741483 0.692385 5.55912
134 100 1.45646 0.0143243 0.677678 5.37137
135 100 1.912 0.01507 0.706 5.375
136 100 1.5241 0.00809237 0.716867 5.43173
137 100 1.45145 0.00895896 0.71972 5.41341
138 100 1.38052 0.0122791 0.709839 5.43373
139 100 1.43129 0.014985 0.687061 5.27783
140 100 1.55055 0.00786787 0.747748 5.61862
141 100 1.4985 0.0153554 0.682683 5.31031
142 100 1.39117 0.0151856 0.706118 5.30291
143 100 1.62714 0.00900503 0.716583 5.45025
144 100 1.72745 0.00823647 0.716433 5.32966
145 100 1.308 0.01018 0.705 5.315
146 100 1.51354 0.0155266 0.742227 5.58576
147 100 1.57631 0.0151506 0.74498 5.43574
148 100 1.28887 0.0158275 0.712136 5.21464
149 100 1.47395 0.0116733 0.719439 5.48196
150 100 2.707 0.0096 0.754 5.705
151 100 1.887 0.0156 0.706 5.295
152 100 1.57487 0.0156482 0.730653 5.49146
153 100 1.72818 0.0166299 0.757272 5.61585
154 100 2.14515 0.0163864 0.735736 5.79079
155 100 1.601 0.01647 0.721 5.557
156 100 1.44523 0.0147035 0.717588 5.4201
157 100 1.543 0.01021 0.713 5.407
158 100 1.62312 0.0162412 0.706533 5.63618
159 100 1.54855 0.0165365 0.725726 5.6016
160 100 1.486 0.00996 0.696 5.267
161 100 1.47796 0.0161323 0.705411 5.45892
162 100 1.58375 0.0175025 0.705115 5.44333
163 100 1.55533 0.0119718 0.682093 5.45473
164 100 1.542 0.01218 0.726 5.528
165 100 1.44724 0.0180402 0.705528 5.41005
166 100 2.104 0.01513 0.745 5.557
167 100 1.50501 0.00886774 0.735471 5.49699
168 100 1.375 0.01258 0.723 5.51
169 100 1.41583 0.017986 0.711423 5.28758
170 100 1.428 0.0179 0.673 5.381
171 100 1.64865 0.00974975 0.738739 5.70871
172 100 1.64329 0.0166232 0.713427 5.38978
173 100 1.44689 0.011994 0.718437 5.52806
174 100 1.3954 0.0188989 0.734735 5.30931
175 100 1.95996 0.0188889 0.714715 5.61862
176 100 1.57071 0.01999 0.740221 5.46138
177 100 1.50602 0.0141767 0.694779 5.21486
178 100 2.171 0.0185 0.745 5.815
179 100 1.60786 0.0191129 0.72379 5.27117
180 100 1.50951 0.0191091 0.703704 5.35235
181 100 5.24 0.01912 0.753 5.789
182 100 1.51606 0.0186345 0.751004 5.62651
183 100 1.93668 0.0161709 0.690452 5.36583
184 100 2.677 0.01859 0.76 5.832
185 100 1.50451 0.02001 0.684052 5.27081
186 100 1.55912 0.0196393 0.676353 5.37375
187 100 2.636 0.01985 0.757 5.674
188 100 1.896 0.02059 0.748 5.61
189 100 2.86787 0.0191892 0.686687 5.78679
190 100 1.566 0.01123 0.693 5.424
191 100 1.935 0.02183 0.728 5.708
192 100 2.26927 0.0207307 0.717718 5.56857
193 100 1.80483 0.0152716 0.758551 5.8833
194 100 1.651 0.01251 0.756 5.557
195 100 1.668 0.0213741 0.707121 5.47242
196 100 1.596 0.01025 0.713 5.294
197 100 1.93093 0.0138338 0.705706 5.34735
198 100 1.54564 0.0216048 0.749248 5.70512
199 100 1.72233 0.0212072 0.724346 5.6831
