2 1 1.15148 8.62069e-05
3 1 1.15394 0.000320197
4 1 1.0936 0.000431034
5 1 1.27586 0.00173645
6 1 1.28941 0.00237685
7 1 1.383 0.00153941
8 1 1.58374 0.00334975
9 1 1.77723 0.0109777
10 1 1.76232 0.0085468
11 1 1.90887 0.0128818
12 1 1.94828 0.0122044
13 1 1.9037 0.0110864
14 1 2.02094 0.00474138
15 1 2.41872 0.0246305
16 1 2.57407 0.0196667
17 1 2.73399 0.0101355
18 1 3.40394 0.0299754
19 1 2.99261 0.0243966
20 1 3.41133 0.0409483
21 1 3.42241 0.0140394
22 1 3.84975 0.0537315
23 1 4.08261 0.0387423
24 1 4.06667 0.0416296
25 1 3.94828 0.0335099
26 1 3.86207 0.0204926
27 1 3.76355 0.0215025
28 1 5.27709 0.0587808
29 1 4.95197 0.0368719
30 1 4.25616 0.0375739
31 1 4.92109 0.0606412
32 1 6.00739 0.0564163
33 1 6.18596 0.0680419
34 1 5.80665 0.101478
35 1 6.55542 0.0642857
36 1 6.06079 0.0841067
37 1 6.26108 0.0711453
38 1 7.367 0.0820936
39 1 8.71517 0.120062
40 1 8.13861 0.0892946
41 1 7.36005 0.0971763
42 1 6.39163 0.0567241
43 1 8.23276 0.0857512
44 1 8.35758 0.13328
45 1 7.95197 0.100431
46 1 9.89286 0.0868596
47 1 8.45197 0.130468
48 1 7.93842 0.0666379
49 1 7.24261 0.0937808
50 1 9.14039 0.115887
51 1 10.1921 0.117143
52 1 12.6934 0.183189
53 1 10.2096 0.0566584
54 1 8.58128 0.135887
55 1 9.82389 0.0932759
56 1 10.7102 0.182848
57 1 11.8294 0.133449
58 1 13.2623 0.12117
59 1 14.8471 0.194673
60 1 10.5665 0.109421
61 1 10.5862 0.158202
62 1 14.4236 0.17186
63 1 12.2589 0.192429
64 1 12.8582 0.159639
65 1 13.4815 0.187808
66 1 15.2559 0.187169
67 1 14.77 0.149913
68 1 14.0148 0.230371
69 1 15.4803 0.222869
70 1 16.3325 0.206034
71 1 14.7562 0.119803
72 1 15.4057 0.13254
73 1 14.9691 0.145
74 1 14.6527 0.276007
75 1 16.2475 0.325197
76 1 18.3473 0.295185
77 1 15.3337 0.255443
78 1 16.9038 0.152269
79 1 16.3761 0.238076
80 1 18.3686 0.231856
81 1 15.8621 0.119569
82 1 19.8395 0.141901
83 1 14.8781 0.114224
84 1 21.2094 0.276268
85 1 18.8768 0.192254
86 1 20.351 0.243805
87 1 25.1597 0.382946
88 1 15.5603 0.158768
89 1 20.4988 0.200542
90 1 21.6188 0.186856
91 1 20.9692 0.283637
92 1 21.3056 0.391143
93 1 19.4374 0.364622
94 1 20.4335 0.426182
95 1 24.3767 0.540338
96 1 18.3181 0.289322
97 1 22.2478 0.156806
98 1 14.4599 0.368816
99 1 21.7272 0.244272
