2 1 1.045 8e-05 0.653 4.906
3 1 1.081 0.00015 0.65 4.963
4 1 1.164 0.00016 0.669 5.061
5 1 1.285 0.00024 0.684 5.284
6 1 1.48 0.00028 0.706 5.661
7 1 1.498 0.00044 0.714 5.598
8 1 1.728 0.00047 0.712 5.733
9 1 1.856 0.00052 0.731 6.064
10 1 2.341 0.00055 0.712 6.295
11 1 2.362 0.0006 0.7 6.215
12 1 2.552 0.00073 0.786 6.454
13 1 2.86 0.00078 0.746 6.734
14 1 3.933 0.00088 0.718 7.268
15 1 3.323 0.00095 0.717 6.81
16 1 3.689 0.00079 0.738 7.002
17 1 4.61562 0.00134134 0.714715 7.15816
18 1 4.308 0.00118 0.698 7.103
19 1 4.947 0.00137 0.714 7.497
20 1 5.26754 0.00145291 0.658317 6.98597
21 1 5.625 0.00161 0.707 7.562
22 1 5.81982 0.00139139 0.730731 7.71672
23 1 6.335 0.00174 0.723 7.358
24 1 6.46177 0.00171026 0.742455 7.0835
25 1 7.06313 0.00195391 0.737475 8.14629
26 1 6.51202 0.00190381 0.738477 7.72846
27 1 8.92593 0.00207207 0.704705 8.18719
28 1 8.20942 0.00231463 0.719439 8.20541
29 1 9.09027 0.00193581 0.708124 8.00401
30 1 9.726 0.00195 0.682 8.07
31 1 9.739 0.00233 0.637 8.005
32 1 10.251 0.00226 0.73 7.7
33 1 11.749 0.00286 0.694 7.828
34 1 10.485 0.00231 0.649 7.883
35 1 11.184 0.00277 0.689 8.107
36 1 12.039 0.00298298 0.748749 8.17117
37 1 10.8475 0.00209629 0.737212 8.16148
38 1 11.937 0.00289 0.644 8.311
39 1 13.265 0.0032 0.722 8.233
40 1 13.0792 0.00295888 0.716148 8.56269
41 1 16.8475 0.00384152 0.616851 8.63591
42 1 15.4785 0.0036036 0.634635 8.55556
43 1 15.188 0.00401 0.704 8.569
44 1 14.69 0.00371 0.669 8.819
45 1 14.166 0.00331 0.68 8.187
46 1 15.0913 0.00205617 0.657974 8.22969
47 1 17.364 0.00292 0.656 8.835
48 1 16.239 0.0037249 0.650602 8.5743
49 1 20.406 0.00419095 0.720603 8.73869
50 1 19.267 0.0043 0.645 8.777
51 1 22.2508 0.00519559 0.7332 8.56369
52 1 22.048 0.00472 0.669 8.344
53 1 17.8178 0.00429429 0.674675 8.34334
54 1 21.6306 0.00442442 0.678679 8.92392
55 1 23.9588 0.00555779 0.60402 8.63618
56 1 22.1411 0.00471471 0.626627 8.43043
57 1 22.243 0.00456 0.567 8.748
58 1 24.1572 0.00545546 0.636637 8.9019
59 1 22.2042 0.00498498 0.646647 8.72072
60 1 25.7694 0.00533736 0.628399 8.9144
61 1 22.8323 0.00531313 0.732323 8.61515
62 1 26.8998 0.00623246 0.696393 8.93086
63 1 22.057 0.00335 0.685 8.452
64 1 30.998 0.00376 0.673 9.039
65 1 27.6482 0.00437186 0.675377 8.23417
66 1 22.962 0.00395395 0.626627 8.66266
67 1 21.976 0.00572573 0.616617 8.72773
68 1 26.5888 0.00590772 0.595787 8.64493
69 1 27.2991 0.00656596 0.679758 8.29305
70 1 25.986 0.00529058 0.741483 8.28657
71 1 29.1912 0.00676677 0.57958 8.40541
72 1 27.6938 0.00699799 0.684739 8.67871
73 1 30.5166 0.00715005 0.676737 8.50252
74 1 29.1722 0.00477477 0.654655 8.74174
75 1 32.1314 0.00593781 0.664995 8.69509
76 1 32.519 0.00566132 0.662325 8.73547
77 1 40.421 0.00783 0.632 8.193
78 1 35.261 0.00602 0.602 9.2
79 1 35.988 0.00798799 0.628629 8.64765
80 1 32.9494 0.00851215 0.623482 8.62348
81 1 29.53 0.00579 0.597 8.578
82 1 37.7117 0.00826827 0.623624 8.91992
83 1 37.8241 0.00872188 0.622699 9.25562
84 1 35.032 0.00717 0.642 8.395
85 1 41.2216 0.0092145 0.573011 9.11682
86 1 43.0071 0.0095107 0.624873 9
87 1 45.4759 0.0100402 0.629518 9.0261
88 1 37.8308 0.00722054 0.662638 8.90735
89 1 32.5197 0.00788675 0.619818 8.67745
90 1 39.011 0.00931864 0.644289 8.61122
91 1 40.7375 0.00987976 0.59519 8.52605
92 1 36.6334 0.00816717 0.638469 8.54079
93 1 44.2684 0.00975782 0.690212 8.42281
94 1 45.849 0.01077 0.612 8.761
95 1 32.696 0.00556 0.66 8.547
96 1 37.3645 0.00941767 0.664659 8.47289
97 1 45.2438 0.00968107 0.558642 8.69753
98 1 45.0683 0.0103715 0.550201 8.67972
99 1 43.1468 0.0101316 0.603239 9.07692
100 1 45.0721 0.0110611 0.677678 8.95395
101 1 50.217 0.01218 0.603 8.301
102 1 45.2399 0.0100706 0.543347 8.75806
103 1 43.006 0.0101613 0.674395 8.5121
104 1 44.8925 0.0107404 0.565923 8.3712
105 1 39.1689 0.00798576 0.694812 9.06612
106 1 46.8755 0.0117611 0.600202 7.85223
107 1 49.1692 0.0111411 0.650651 8.17918
108 1 60.3943 0.0120531 0.651685 8.79265
109 1 54.786 0.01322 0.498 9.149
110 1 48.011 0.0110542 0.626506 8.60141
111 1 55.5974 0.0135318 0.649849 8.85974
112 1 47.7996 0.0132085 0.690283 8.93826
113 1 48.8815 0.0124417 0.666667 8.61196
114 1 51.5406 0.0134604 0.495486 8.85958
115 1 51.5522 0.00998987 0.619048 9.40223
116 1 53.5571 0.0136704 0.574317 8.46309
117 1 48.6717 0.0126465 0.575758 9.02525
118 1 47.1482 0.0124899 0.633065 9.06048
119 1 54.3209 0.0125855 0.590543 9.04829
120 1 54.2092 0.0132432 0.67968 8.66066
121 1 55.026 0.01416 0.607 8.441
122 1 53.0919 0.0104545 0.611111 8.70808
123 1 57.4184 0.0145187 0.698075 8.78723
124 1 60.0691 0.015 0.593186 9.04108
125 1 63.03 0.0162836 0.559006 8.26915
126 1 53.1089 0.0126714 0.635081 9.15121
127 1 67.435 0.01563 0.446 9.658
128 1 67.3512 0.0154453 0.62247 9.083
129 1 61.7065 0.0135223 0.694332 8.69939
130 1 52.8079 0.0124843 0.588727 9.10647
131 1 59.4313 0.0155266 0.514544 8.85657
132 1 56.2146 0.0127772 0.777213 7.98576
133 1 58.8228 0.0162262 0.597598 8.87187
134 1 56.3735 0.0151113 0.832996 8.15385
135 1 70.9249 0.0175355 0.627789 9.07606
136 1 64.9747 0.0169565 0.573306 9.182
137 1 56.2342 0.0162162 0.64965 8.86787
138 1 58.3637 0.0137285 0.571429 8.35866
139 1 62.0796 0.0162538 0.632427 8.79154
140 1 61.776 0.0179213 0.743693 7.85974
141 1 67.0631 0.0177578 0.532533 8.48749
142 1 68.6879 0.0166869 0.586626 8.99291
143 1 72.254 0.0189718 0.569556 9.36593
144 1 69.414 0.0185 0.52 8.689
145 1 72.5156 0.0176387 0.464178 9.18769
146 1 73.8286 0.0208165 0.544355 9.24698
147 1 80.6318 0.0208722 0.63286 9.00101
148 1 69.4508 0.0158782 0.589848 8.68629
149 1 70.9028 0.0184514 0.658907 8.51316
150 1 67.0556 0.0196566 0.626263 8.20202
151 1 75.2773 0.0194294 0.620621 9.03904
152 1 75.2249 0.0206426 0.662651 8.57329
153 1 74.0858 0.0239354 0.730575 9.0555
154 1 84.8495 0.0228586 0.525253 9.14444
155 1 79.5673 0.0210542 0.549197 9.21988
156 1 70.0184 0.0199079 0.545548 8.63664
157 1 84.602 0.02271 0.554 8.852
158 1 71.2254 0.0197384 0.640845 8.63481
159 1 78.5791 0.0223061 0.475327 8.66868
160 1 83.9289 0.0243293 0.509146 8.94207
161 1 70.167 0.02165 0.753 8.238
162 1 71.84 0.01641 0.581 9.043
163 1 68.0021 0.01963 0.701953 7.92703
164 1 77.2452 0.0191084 0.589666 8.90983
165 1 89.4845 0.021962 0.815816 8.40541
166 1 74.8417 0.018497 0.5501 8.27856
167 1 88.1673 0.0270081 0.44929 9.70183
168 1 84.5243 0.0226471 0.587221 8.55882
169 1 83.0594 0.024854 0.745217 8.76133
170 1 88.5576 0.0232933 0.66967 9.61261
171 1 86.1246 0.024603 0.558794 8.35678
172 1 85.6273 0.0252323 0.533333 8.95758
173 1 87.1234 0.0238114 0.613842 9.27482
174 1 79.7425 0.021022 0.558116 9.00902
175 1 83.7543 0.0197583 0.566969 8.28802
176 1 89.2257 0.0271297 0.618999 8.95301
177 1 89.3066 0.0259218 0.694389 8.21944
178 1 87.0863 0.0254463 0.877633 8.27482
179 1 82.0316 0.0236799 0.767584 8.17635
180 1 95.7984 0.0302307 0.626881 8.71715
181 1 97.7219 0.0243883 0.624874 8.62184
182 1 103.017 0.0293538 0.653333 9.15692
183 1 106.091 0.0274949 0.574338 9.60591
184 1 96.5459 0.0294898 0.62449 8.70408
185 1 101.165 0.0289859 0.694779 8.81426
186 1 105.008 0.0349394 0.357576 9.32525
187 1 98.2733 0.0296096 0.434434 8.10911
188 1 95.7813 0.0275226 0.767302 8.1675
189 1 98.6663 0.0304578 0.550356 8.43845
190 1 93.5395 0.0214214 0.780781 8.75275
191 1 97.238 0.0301124 0.668029 8.37079
192 1 97.1061 0.0296531 0.696939 8.23061
193 1 91.9878 0.0295204 0.432653 8.81633
194 1 97.683 0.03071 0.546 8.441
195 1 91.2736 0.0354125 0.653924 8.12475
196 1 88.7929 0.0210606 0.666667 9.14141
197 1 99.2313 0.0299898 0.744115 8.30297
198 1 105.906 0.0270061 0.621181 8.51629
199 1 90.0646 0.0301615 0.583249 8.80928
