2 1 1.04642 8.37139e-05 0.682648 0.694064
3 1 1.0605 0.000129376 0.868341 0.885084
4 1 1.14574 0.000163623 1.01484 1.03196
5 1 1.28957 0.000205479 1.16438 1.18683
6 1 1.457 0.000296804 1.27473 1.29148
7 1 1.56393 0.000353881 1.36644 1.39536
8 1 1.61073 0.000342466 1.66553 1.69559
9 1 1.66324 0.000391933 1.85236 1.87976
10 1 2.06773 0.000456621 1.69102 1.72412
11 1 2.26065 0.000612633 1.76674 1.80479
12 1 2.46309 0.000711568 1.79756 1.83333
13 1 2.66781 0.000711568 1.92199 1.94939
14 1 3.4296 0.000863775 1.64269 1.73021
15 1 3.32192 0.000837139 1.93607 2.0175
16 1 3.54604 0.00105023 1.87139 1.95434
17 1 3.94673 0.000920852 1.92656 1.99772
18 1 4.35122 0.00131659 1.85921 1.93227
19 1 4.34589 0.00114155 2.06164 2.13623
20 1 4.90221 0.00128234 2.02816 2.121
21 1 5.13927 0.00140411 1.8946 1.96081
22 1 5.6419 0.00142476 1.93295 2.05562
23 1 6.32534 0.00149924 1.9083 2.02626
24 1 6.53237 0.00155369 1.98591 2.0099
25 1 7.2382 0.00177702 2.05898 2.15906
26 1 7.293 0.00192542 1.78805 1.97336
27 1 7.90217 0.00222307 1.94671 2.06738
28 1 8.82877 0.00225266 1.97032 2.04604
29 1 8.62253 0.00195586 1.7793 1.89992
30 1 9.46157 0.00218037 1.9083 1.96309
31 1 9.4899 0.00235227 1.86275 1.96836
32 1 10.0891 0.00250476 1.92387 2.00381
33 1 10.4549 0.00222476 1.89143 2.02476
34 1 11.1229 0.00253044 1.96005 2.16476
35 1 12.3338 0.00272554 1.79368 1.9174
36 1 11.7857 0.00263799 1.87514 2.0099
37 1 11.3989 0.0027619 2.05105 2.17867
38 1 13.5316 0.00310502 1.63851 1.77854
39 1 14.9684 0.00326608 1.64865 1.99124
40 1 13.2187 0.00270476 2.37638 2.5101
41 1 14.0388 0.00331683 1.86177 2.09901
42 1 16.3336 0.00343881 1.81624 2.00915
43 1 15.0853 0.00307429 1.86362 2.06362
44 1 16.1777 0.00377854 1.84361 2.00342
45 1 16.538 0.00342236 1.89622 2.05151
46 1 17.4954 0.00384703 1.70167 1.92732
47 1 17.4056 0.0034655 1.59436 1.7968
48 1 18.3124 0.00417114 1.65618 1.86569
49 1 17.0758 0.00364433 1.97372 2.36558
50 1 18.0567 0.00417808 1.77397 1.99772
51 1 18.4658 0.00306697 2.03196 2.21081
52 1 20.008 0.00459459 1.61287 1.82946
53 1 19.9805 0.00446183 1.5645 1.78931
54 1 22.4804 0.0046781 1.29333 1.54019
55 1 23.3982 0.00496189 1.55602 1.82127
56 1 20.9162 0.00464966 1.82559 2.03542
57 1 21.535 0.00490868 1.91476 2.07078
58 1 22.6689 0.00434551 1.75571 2.01065
59 1 23.6245 0.00511628 1.86008 2.12352
60 1 22.4153 0.00484203 1.7933 2.11306
61 1 25.4307 0.00537671 1.57534 1.85731
62 1 23.3648 0.00476009 1.88119 2.123
63 1 25.6593 0.00550818 1.64446 1.99124
64 1 27.3633 0.00586998 1.28872 1.52964
65 1 25.9166 0.00519985 1.67225 2.11801
66 1 25.9079 0.00640655 1.77655 2.06433
67 1 26.1242 0.00546286 1.51733 1.83543
68 1 28.3531 0.00618341 1.59437 1.83904
69 1 28.827 0.00647059 1.69786 2.03629
70 1 26.4532 0.00583016 1.87548 2.13481
71 1 29.2238 0.00553864 1.60107 2.08337
72 1 29.7853 0.00664256 1.77313 2.27179
73 1 32.0778 0.00725124 1.66984 2.06024
74 1 31.5925 0.0068417 1.48782 2.02511
75 1 32.1462 0.00702209 1.43145 1.77494
76 1 35.0651 0.007793 1.47679 1.76142
77 1 31.1827 0.00667558 1.73481 2.10929
78 1 36.2491 0.00750095 1.51543 2.00343
79 1 35.7252 0.00733969 1.85267 2.2855
80 1 33.2268 0.00730594 1.36301 1.79604
81 1 33.8603 0.00717449 1.82016 2.14891
82 1 36.5875 0.00819672 1.44567 1.80862
83 1 35.0126 0.00757426 1.7818 2.18736
84 1 34.1741 0.00793051 1.70256 2.07675
85 1 37.3958 0.00863359 1.85267 2.25458
86 1 36.6092 0.00796798 1.42623 1.75562
87 1 40.2593 0.00951257 1.64318 2.07654
88 1 39.8251 0.00875762 1.7439 2.13872
89 1 40.169 0.00876157 1.55748 1.90856
90 1 39.5995 0.00844309 1.60868 1.94595
91 1 41.1811 0.00958524 1.38775 1.96804
92 1 43.2601 0.0102636 1.45264 1.78075
93 1 43.8927 0.00803272 1.44939 1.92275
94 1 42.0004 0.00751142 1.77549 2.20662
95 1 50.3874 0.0102473 1.20358 1.73744
96 1 47.4173 0.0103735 1.40473 1.73971
97 1 42.4653 0.00950495 1.6904 2.0853
98 1 43.9037 0.00982116 1.68303 2.02892
99 1 45.2666 0.00882353 1.38617 1.83804
100 1 45.3532 0.00967927 1.91447 2.41963
101 1 48.3257 0.0113714 1.4781 1.9981
102 1 51.0027 0.00960366 1.03735 1.5362
103 1 51.3831 0.0106626 1.34539 1.84273
104 1 48.0588 0.0089958 1.63765 2.05575
105 1 47.6942 0.00966489 1.54646 2.20183
106 1 51.9024 0.0112471 1.8032 2.37147
107 1 52.4114 0.0111048 1.36952 1.89448
108 1 52.7761 0.011209 1.28337 1.62204
109 1 54.7183 0.00705748 1.72097 2.57099
110 1 51.1584 0.0111077 1.63913 2.27027
111 1 55.6374 0.0105365 1.13737 1.96728
112 1 52.2699 0.0119748 1.49295 1.91308
113 1 54.8863 0.0126641 1.11489 1.4771
114 1 53.79 0.0119627 1.56822 1.95808
115 1 55.9198 0.0128659 1.38708 1.97134
116 1 60.2599 0.0136814 1.58689 2.17645
117 1 55.1645 0.0134743 1.71945 2.33551
118 1 57.541 0.0131042 1.39404 2.02062
119 1 61.2585 0.0150935 1.14968 1.77434
120 1 57.5573 0.0142061 1.35382 1.77786
121 1 57.3403 0.0128119 1.71347 2.24876
122 1 63.312 0.0142105 1.56636 2.17239
123 1 64.4677 0.0148148 1.28446 1.74074
124 1 59.8607 0.0118729 1.48953 2.64865
125 1 62.7854 0.0124429 1.59132 2.51408
126 1 62.2198 0.0153588 1.17214 1.63435
127 1 69.0278 0.0165944 1.56735 2.28349
128 1 70.4891 0.0161037 1.10675 1.73999
129 1 58.9539 0.0138467 1.84941 2.50858
130 1 66.3911 0.0162424 1.40596 1.79396
131 1 67.4312 0.0146895 1.33371 1.81905
132 1 64.3552 0.0142977 1.64218 2.30339
133 1 68.2303 0.0169966 1.4134 2.16407
134 1 69.1225 0.0110759 1.37009 2.03052
135 1 72.3715 0.0175451 1.00154 1.52324
136 1 69.1326 0.0166806 1.1814 1.88796
137 1 70.7501 0.0131581 1.45981 2.16305
138 1 69.6837 0.0132813 1.72973 2.75333
139 1 71.8475 0.0153031 1.43614 2.09569
140 1 70.5343 0.0142454 1.10366 1.75838
141 1 71.559 0.0152489 1.36907 2.09954
142 1 71.9276 0.0162438 1.42819 2.35162
143 1 74.2987 0.0166362 1.48114 2.21752
144 1 76.5143 0.0154403 1.55013 2.1361
145 1 75.7084 0.0155751 1.15399 1.88193
146 1 78.0721 0.0186005 1.68903 2.42983
147 1 70.2558 0.0103198 1.42215 2.15531
148 1 79.8502 0.0172828 1.47256 2.23095
149 1 78.9439 0.0184389 1.59656 2.24771
150 1 83.6328 0.0160888 1.32896 1.95676
151 1 78.2365 0.0122847 1.88404 2.45771
152 1 86.1499 0.0163394 1.61986 2.31317
153 1 73.8763 0.0160992 1.48855 2.30763
154 1 71.5457 0.0147686 1.64015 2.25315
155 1 75.328 0.0182248 1.36533 1.90629
156 1 70.9545 0.0155849 2.24044 3.10054
157 1 79.4182 0.0213318 1.30518 1.94216
158 1 78.7098 0.0194241 1.25057 2.04882
159 1 74.9836 0.0185567 1.42917 2.23458
160 1 78.6245 0.0210237 1.27387 1.91176
161 1 80.2652 0.0214117 1.99011 2.586
162 1 89.8762 0.0217 1.49192 2.17154
163 1 76.7759 0.0185819 1.67736 2.5456
164 1 82.744 0.0206008 1.33754 2.19212
165 1 81.5852 0.0194954 1.57416 2.39029
166 1 82.4526 0.0204278 1.53591 2.97746
167 1 85.7961 0.0193944 1.38559 2.69069
168 1 79.0984 0.018913 1.72006 2.64683
169 1 85.0278 0.0219764 1.39871 2.04075
170 1 80.8604 0.0203272 1.26712 2.14954
171 1 84.3609 0.0217111 1.43712 2.09413
172 1 86.3286 0.0176489 1.47557 2.35305
173 1 88.6162 0.0237611 1.46628 2.33333
174 1 86.7832 0.0221418 1.48895 2.18712
175 1 102.167 0.0192517 1.25096 2.16961
176 1 96.112 0.0243597 1.40913 2.3056
177 1 83.7877 0.0192035 1.85366 2.59527
178 1 96.0658 0.0202488 1.04478 1.85075
179 1 91.4522 0.0244526 1.88206 2.77334
180 1 86.2297 0.0226021 1.67646 2.38459
181 1 86.6508 0.0221135 1.877 2.56855
182 1 93.945 0.0212595 1.34351 2.23244
183 1 95.6877 0.0255708 1.14891 2.11646
184 1 96.8715 0.0243783 1.35355 2.3074
185 1 101.404 0.0221976 1.32545 2.27623
186 1 93.9612 0.0215525 1.64117 2.4258
187 1 85.0298 0.0228855 1.89351 2.80992
188 1 98.335 0.0290968 1.26639 2.90434
189 1 96.6669 0.0252265 1.78302 2.60754
190 1 93.0321 0.0272443 1.67176 2.56107
191 1 99.2505 0.0222417 1.45025 2.63629
192 1 96.4625 0.0221524 1.6819 2.63657
193 1 102.016 0.0305075 1.63668 3.67705
194 1 102.838 0.0300457 1.59223 2.52744
195 1 112.264 0.031666 1.30995 2.10637
196 1 108.284 0.032086 1.18652 2.24933
197 1 101.654 0.0202742 1.65118 3.58682
198 1 100.411 0.0287362 1.7027 3.55234
199 1 99.5084 0.0303011 1.37119 2.42035
