2 25 1 0.00116279
3 25 1.0565 0.0019209
4 25 1.09223 0.00135922
5 25 1.28818 0.00360837
6 25 1.26601 0.00788177
7 25 1.31773 0.01367
8 25 1.56158 0.0184113
9 25 1.46675 0.0264901
10 25 1.45197 0.0409483
11 25 1.52217 0.0405172
12 25 1.50123 0.0518103
13 25 1.5234 0.0514532
14 25 1.48768 0.0567611
15 25 1.62639 0.0689149
16 25 1.59063 0.0752404
17 25 1.61084 0.0825985
18 25 1.71782 0.09125
19 25 1.83621 0.064101
20 25 1.75123 0.0877956
21 25 1.72044 0.104126
22 25 1.73768 0.108522
23 25
24 25 1.97783 0.119569
25 25 1.68842 0.112414
26 25 1.99261 0.0766256
27 25 1.67488 0.144877
28 25 1.88547 0.121441
29 25 2.02648 0.152926
30 25
31 25 1.9803 0.164557
32 25
33 25 2.02532 0.117722
34 25 2.13827 0.202247
35 25
36 25 1.84606 0.156564
37 25 2.2619 0.193183
38 25 1.77217 0.191884
39 25 2.09465 0.203935
40 25 2.08426 0.254275
41 25 1.96059 0.222204
42 25
43 25 1.94926 0.217129
44 25
45 25 1.93473 0.231995
46 25 1.9532 0.201232
47 25
48 25
49 25
50 25
51 25
52 25 2.03571 0.284027
53 25
54 25
55 25 1.84324 0.219292
56 25 2.36252 0.422454
57 25
58 25 1.97362 0.291043
59 25 2.22783 0.291613
60 25
61 25
62 25
63 25
64 25
65 25 2.33416 0.554846
66 25
67 25 2.55911 0.402956
68 25 2.8165 0.419039
69 25
70 25
71 25
72 25
73 25
74 25 2.01983 0.212689
75 25
76 25
77 25 2.75616 0.61197
78 25
79 25
80 25 2.46451 0.492727
81 25
82 25 1.075 0.256125
83 25 2.89604 0.570458
84 25
85 25
86 25 2.47901 0.400333
87 25 2.44348 0.700671
88 25
89 25
90 25
91 25 2.52475 0.664344
92 25
93 25
94 25
95 25
96 25
97 25
98 25 2.81728 0.512741
99 25
