2 25 1.01826 0.000247336 0.872146 0.886225
3 25 1.02511 0.000289193 1.14193 1.15906
4 25 1.03577 0.000353881 1.40982 1.43303
5 25 1.07839 0.000498478 1.62976 1.65868
6 25 1.06887 0.000578387 1.87062 1.89384
7 25 1.10122 0.000631659 2.14536 2.1739
8 25 1.14003 0.00064688 2.36492 2.39269
9 25 1.14422 0.000791476 2.71728 2.7949
10 25 1.16438 0.00085997 2.95167 3.02207
11 25 1.20586 0.000989346 3.22222 3.28653
12 25 1.25989 0.0010312 3.31393 3.3554
13 25 1.28577 0.00108828 3.60731 3.66248
14 25 1.23973 0.00119482 3.85807 3.93683
15 25 1.31583 0.00112633 4.05175 4.1876
16 25 1.36111 0.00130898 4.18988 4.28311
17 25 1.35502 0.00138508 4.42656 4.54604
18 25 1.36111 0.00130898 4.71994 4.77131
19 25 1.49467 0.0015411 4.87024 4.92161
20 25 1.40601 0.00171994 5.00913 5.15639
21 25 1.4003 0.0017656 5.51788 5.59056
22 25 1.47412 0.00187976 5.40449 5.49011
23 25 1.47489 0.00192161 5.63166 5.73402
24 25 1.44939 0.00201674 5.90601 5.9825
25 25 1.47032 0.00207763 6.33676 6.43075
26 25 1.34932 0.00132801 6.60959 6.72184
27 25 1.50571 0.00219178 6.71956 6.8984
28 25 1.55869 0.00214558 6.64558 6.75229
29 25 1.44178 0.00229833 7.07306 7.19216
30 25 1.57991 0.00235921 7.34209 7.43227
31 25 1.49049 0.00246956 7.57725 7.67428
32 25 1.52207 0.00277778 7.78501 7.89536
33 25 1.48896 0.00264661 7.87966 8.05598
34 25 1.53272 0.00224125 8.16476 8.30936
35 25 1.52473 0.00266362 8.22336 8.34209
36 25 1.51942 0.00318355 8.66451 8.76657
37 25 1.52664 0.00313546 9.25381 9.39384
38 25 1.61301 0.00297565 9.10464 9.32648
39 25 1.66286 0.00263699 9.40601 9.67237
40 25 1.51484 0.00328006 9.71461 9.83828
41 25 1.54414 0.00334094 10.0833 10.1975
42 25 1.59863 0.00318355 10.1855 10.3298
43 25 1.61339 0.00344368 10.8044 11.0099
44 25 1.65373 0.00251903 10.8272 11.0917
45 25 1.48858 0.00392314 11.3208 11.4951
46 25 1.60693 0.00365677 11.406 11.5909
47 25 1.66286 0.00384703 11.3615 11.5643
48 25 1.6621 0.00377093 11.976 12.3231
49 25 1.75152 0.00266743 11.5384 11.7078
50 25 1.66895 0.00348935 12.105 12.2869
51 25 1.6172 0.00284627 12.8162 13.0179
52 25 1.6673 0.0044842 12.4503 12.6056
53 25 1.58394 0.0044271 13.37 13.5253
54 25 1.70776 0.00476788 13.2953 13.4989
55 25 1.87367 0.00432268 13.1537 13.3284
56 25 1.56317 0.00387747 13.8729 14.2184
57 25 1.73153 0.00484768 13.8363 14.032
58 25 1.76788 0.00486682 13.6347 14.0293
59 25 1.62709 0.00307839 14.4791 14.6804
60 25 1.78493 0.00400076 14.4933 14.8002
61 25 1.64878 0.00504186 14.9688 15.1941
62 25 2.1484 0.00347032 14.0921 14.4479
63 25 1.76065 0.00538813 15.0266 15.2428
64 25 1.7499 0.00404644 14.7282 15.1477
65 25 1.70548 0.00475266 16.1088 16.3307
66 25 1.67149 0.00567187 16.4777 16.6974
67 25 1.68367 0.0051732 15.9307 16.2086
68 25 1.62633 0.00289954 16.5784 16.8139
69 25 2.07921 0.00460015 16.0091 16.2338
70 25 1.59992 0.00627332 17.4697 17.6974
71 25 1.81088 0.00344749 16.4304 16.8927
72 25 1.63242 0.00549848 17.5978 17.8387
73 25 1.92694 0.00371385 16.4022 16.6758
74 25 1.92884 0.00630898 17.4513 17.6785
75 25 1.72983 0.00407534 18.7633 19.0358
76 25 1.73135 0.00595129 17.8524 18.3406
77 25 1.67695 0.00385143 18.8259 19.0766
78 25 1.75 0.00599696 19.4102 19.6773
79 25 1.88584 0.00560122 19.3661 19.8356
80 25 2.00228 0.00616058 18.3992 18.6301
81 25 2.20632 0.00696231 18.0213 18.2356
82 25 1.65373 0.00410578 19.9783 20.3368
83 25 1.86943 0.00591549 20.2996 20.6041
84 25 1.84088 0.00558051 20.1165 20.389
85 25 1.8497 0.00423896 20.3265 20.5769
86 25 1.73686 0.00753998 19.9216 20.2601
87 25 2.00114 0.00534247 20.3345 20.6522
88 25 1.8223 0.00635084 21.468 21.734
89 25 2.15848 0.0043581 20.867 21.1497
90 25 1.8949 0.00809596 20.8184 21.409
91 25 1.95432 0.00701941 21.2855 21.5931
92 25 2.20898 0.00646365 20.9954 21.3654
93 25 2.34741 0.00620244 20.6142 20.9136
94 25 2.22057 0.00854857 20.2949 20.621
95 25 1.96498 0.00546631 22.5797 22.9505
96 25 1.98591 0.00873953 22.2426 22.5864
97 25 2.15335 0.00874049 21.4749 21.7348
98 25 2.24049 0.00872527 21.86 22.1754
99 25 2.03586 0.00901946 23.1732 23.499
100 25 1.78234 0.00917808 24.8436 25.207
101 25 2.14922 0.00910544 23.7636 24.3658
102 25 2.62338 0.00910129 21.6142 21.9878
103 25 2.26408 0.00937215 22.6324 22.9448
104 25 2.08793 0.00950514 24.1641 24.5386
105 25 2.16559 0.00634945 24.0358 24.3909
106 25 2.41089 0.0082559 21.8614 22.2216
107 25 2.40411 0.00813546 23.0731 23.7116
108 25 2.40328 0.0049256 23.8752 24.2469
109 25 2.30023 0.0084589 24.895 25.2576
110 25 2.45849 0.0101295 23.3046 23.6302
111 25 2.56565 0.0101298 23.6031 24.2893
112 25 2.30831 0.0102782 24.2889 24.6898
113 25 2.52437 0.00897563 23.6367 24.1062
114 25 2.07423 0.00564522 25.8059 26.1614
115 25 2.36696 0.0102132 24.6475 25.0834
116 25 2.71488 0.01067 23.7461 24.1363
117 25 2.35211 0.0108489 25.4431 25.8325
118 25 2.57534 0.0108067 25.2827 25.6861
119 25 2.50304 0.0110426 25.0137 25.4479
120 25 2.58644 0.0109939 25.8389 26.1733
121 25 2.46611 0.00986672 26.2148 26.5925
122 25 2.79528 0.00960807 25.1343 25.5856
123 25 2.49848 0.0113138 26.3001 26.6881
124 25 2.44652 0.0113437 25.8199 26.241
125 25 2.30171 0.01136 26.4941 26.8945
126 25 2.64422 0.0113661 26.0495 26.468
127 25 2.52881 0.0115681 27.0008 27.4388
128 25 2.74343 0.0122155 27.3993 27.8531
129 25 2.5059 0.00947088 27.4313 27.9083
130 25 3.11128 0.0122561 28.3605 28.7801
131 25 2.74219 0.0121059 26.3153 26.7578
132 25 2.66248 0.0125989 28.2161 28.7237
133 25 2.76856 0.0120784 26.8877 27.3384
134 25 2.87767 0.0124809 27.1806 27.6338
135 25 2.80289 0.0127702 29.3406 30.2979
136 25 2.71831 0.0131252 28.796 29.2901
137 25 2.81583 0.0108371 28.325 28.7766
138 25 2.50533 0.0127723 29.8743 30.5225
139 25 2.86225 0.0129452 28.1073 28.5967
140 25 3.07537 0.0132242 27.8428 28.3159
141 25 3.51199 0.0134526 29.0381 29.5813
142 25 3.23837 0.0133791 27.5503 28.0297
143 25 2.6051 0.013214 29.866 30.5137
144 25 2.8897 0.0136779 27.8809 28.4212
145 25 2.61995 0.0142003 30.2205 30.7041
146 25 3.22412 0.0136986 27.8455 28.3265
147 25 2.83454 0.0138048 28.512 29.0145
148 25 2.96565 0.0138779 29.2511 29.7557
149 25 3.24372 0.0140137 29.6078 30.1302
150 25 3.0141 0.014 31.2571 31.7775
151 25 3.22734 0.0142879 29.5449 30.1181
152 25 3.59787 0.0128218 29.2148 29.7113
153 25 3.44499 0.0122459 31.1397 31.7697
154 25 2.66806 0.0147447 31.1349 31.678
155 25 2.68088 0.0148134 30.1919 30.6938
156 25 3.33295 0.0149598 31.3429 31.8599
157 25 3.23762 0.0154798 31.1637 31.6912
158 25 3.22298 0.0150647 29.1043 29.6073
159 25 3.41096 0.0122565 31.3451 31.8767
160 25 3.03997 0.0153179 31.2136 31.7727
161 25 3.46969 0.0155623 30.1308 30.6862
162 25 3.38827 0.0157072 29.1717 29.6658
163 25 3.27297 0.0154136 31.8181 32.3164
164 25 3.13285 0.0131633 30.8093 31.3026
165 25 3.70526 0.0159977 29.7803 30.286
166 25 3.30643 0.0160487 31.9654 32.5539
167 25 2.99047 0.0126725 31.623 32.1273
168 25 3.60914 0.0161105 29.5665 30.1242
169 25 3.38552 0.0164952 31.9177 33.0297
170 25 4.4252 0.0131938 31.791 32.386
171 25 3.23877 0.0164928 31.6352 32.2094
172 25 3.35671 0.0160442 31.9977 32.545
173 25 4.54227 0.0166984 31.3145 31.8884
174 25 3.40198 0.0152417 32.0978 32.8024
175 25 3.4112 0.016795 33.6585 34.2252
176 25 3.68969 0.0166107 31.3511 31.8126
177 25 4.57121 0.0174494 31.3937 31.9309
178 25 4.84513 0.0171423 32.0479 32.8177
179 25 2.75761 0.0126484 35.4836 36.1065
180 25 3.78873 0.0141454 32.8732 33.6365
181 25 3.60015 0.0174905 32.628 33.203
182 25 3.73672 0.0149102 31.2297 32.1418
183 25 3.95852 0.0180784 34.199 34.7108
184 25 3.61067 0.0118857 33.293 33.9112
185 25 3.18338 0.0173923 33.1948 33.7995
186 25 3.75619 0.0180457 32.9265 33.944
187 25 3.60648 0.0182438 33.4267 34.019
188 25 4.1891 0.015753 31.438 32.0126
189 25 4.20053 0.0188334 36.0907 36.6893
190 25 3.43927 0.0166539 34.5577 35.2544
191 25 4.11823 0.0187109 31.8719 32.4489
192 25 4.9379 0.018819 33.5044 34.1326
193 25 5.79962 0.0163352 33.3779 34.0636
194 25 4.15135 0.0108959 34.6115 35.2207
195 25 3.64356 0.0166337 36.4836 37.27
196 25 3.6035 0.0150875 35.5148 36.339
197 25 3.69635 0.0138432 35.5434 36.1545
198 25 3.50019 0.0112381 38.5154 39.1467
199 25 3.5581 0.0158057 35.0537 35.7143
