2 1 1.03448 8.62069e-05 0.666256 4.51478
3 1 1.07635 0.000123153 0.912562 6.02956
4 1 1.13793 0.000184729 1.12562 7.43227
5 1 1.15148 0.000357143 1.34236 8.9803
6 1 1.16995 0.000270936 1.52709 10.585
7 1 1.49138 0.000357143 1.62438 11.5973
8 1 1.33128 0.000369458 2.01724 13.9704
9 1 1.55049 0.000480296 2.07389 14.6379
10 1 1.71429 0.000615764 2.17118 16.0111
11 1 1.85099 0.000837438 2.29187 16.9778
12 1 1.85099 0.000800493 2.4101 17.1539
13 1 2.20074 0.000935961 2.50369 17.6823
14 1 2.51232 0.00118227 2.28202 17.4507
15 1 2.46059 0.00100985 2.49507 18.8436
16 1 2.73522 0.000874384 2.42488 18.9236
17 1 2.85591 0.000960591 2.58005 19.7697
18 1 3.05911 0.001367 2.87315 21.197
19 1 3.18227 0.00126847 2.70197 20.2143
20 1 4.15517 0.00116995 2.32512 18.5653
21 1 3.57389 0.00105911 2.61823 20.3645
22 1 4.76724 0.00135468 2.3165 18.5653
23 1 4.72537 0.000825123 2.74384 19.8732
24 1 5.48892 0.00160099 2.2968 18.8005
25 1 4.84606 0.00167488 3.14039 23.149
26 1 5.46979 0.00188656 3.04439 21.3822
27 1 5.30665 0.00114532 3.41749 25.8399
28 1 5.4143 0.00199753 2.98027 22.5956
29 1 6.78202 0.00238916 2.93103 22.8337
30 1 7.33374 0.00226601 2.367 18.8633
31 1 6.04557 0.0012069 3.62438 26.8411
32 1 7.70936 0.00230296 2.60222 21.4865
33 1 7.40887 0.00274631 2.87685 23.5025
34 1 8.31034 0.00253695 2.69089 21.3707
35 1 7.50493 0.00259852 2.93473 23.3855
36 1 8.72167 0.00246305 2.99631 22.2525
37 1 8.23691 0.00259352 3.45387 26.8017
38 1 8.24631 0.00210591 3.16995 24.2562
39 1 8.92355 0.00139334 3.64242 27.0617
40 1 9.37485 0.00143033 3.16523 23.3292
41 1 9.06905 0.00237978 3.57953 26.1282
42 1 10.8411 0.00371921 3.45813 25.4828
43 1 11.1457 0.00207407 3.0679 25.0284
44 1 10.4178 0.00276885 2.95426 22.4388
45 1 9.06289 0.00187423 3.55857 27.1652
46 1 13.5923 0.00469641 2.42255 20.8612
47 1 12.3963 0.0034321 3.09753 22.5136
48 1 14.7778 0.00424691 2.68889 22.4309
49 1 11.0606 0.00409653 3.54332 25.9802
50 1 10.9963 0.00409147 2.79357 21.9382
51 1 15.9297 0.00408138 2.02589 17.7682
52 1 14.0358 0.00463535 2.65389 19.3943
53 1 13.2571 0.00375773 2.97157 23.9604
54 1 16.2318 0.00360049 3.26634 25.5462
55 1 15.016 0.00262315 2.74631 21.2315
56 1 13.9409 0.00253695 3.0702 25.4002
57 1 13.9557 0.00269704 3.27586 24.782
58 1 15.9246 0.00566131 2.70334 23.3548
59 1 17.1687 0.00583127 3.08685 24.5012
60 1 17.0444 0.004 2.62593 21.7198
61 1 17.5166 0.0050185 3.00247 22.8718
62 1 16.3911 0.00558168 2.79084 21.0074
63 1 19.1508 0.00542645 2.43634 20.5068
64 1 19.3321 0.00618519 2.37531 21.3185
65 1 17.5265 0.0058693 3.11591 25.2713
66 1 18.4728 0.00607673 2.86015 22.9493
67 1 15.0955 0.00557072 3.82134 29.3995
68 1 24.0918 0.00682382 2.46278 18.8623
69 1 23.5943 0.00621588 2.4603 19.3573
70 1 19.4877 0.0064321 3.42716 25.8753
71 1 22.13 0.00647277 2.69307 21.9728
72 1 23.5998 0.00710037 2.85874 23.1425
73 1 19.184 0.00683951 3.04691 23.237
74 1 25.274 0.00696139 1.86301 16.1905
75 1 25.4629 0.0069802 2.10396 18.672
76 1 23.1097 0.00676942 2.67941 22.8557
77 1 25.0049 0.00470443 2.41626 19.5702
78 1 24.2466 0.00583643 2.64064 22.6729
79 1 27.7893 0.00770756 2.2689 17.6109
80 1 22.4889 0.007 2.9284 23.1716
81 1 22.945 0.0076375 2.4475 19.8837
82 1 27.4957 0.00711276 2.16729 19.4399
83 1 25.3946 0.0080148 2.54254 19.8816
84 1 26.5721 0.00760789 2.5524 21.9642
85 1 28.2429 0.00792848 3.04192 23.6621
86 1 26.727 0.00775434 2.69727 20.4938
87 1 28.0447 0.00919355 2.15881 19.8114
88 1 28.6084 0.00866171 3.31351 25.6914
89 1 33.3844 0.00849197 2.14957 17.7182
90 1 32.1565 0.00793789 2.42609 19.0422
91 1 33.4729 0.00940887 2.82635 22.3682
92 1 36.7079 0.011349 1.81312 14.5012
93 1 30.3721 0.00730532 2.05192 17.7689
94 1 22.6329 0.00660074 3.35723 26.529
95 1 21.8462 0.0041067 3.64268 29.9293
96 1 33.2744 0.00420272 3.07417 22.6873
97 1 29.6374 0.00941832 2.64356 23.3342
98 1 29.6342 0.00799261 2.58251 19.4581
99 1 35.0814 0.0102343 1.69544 15.397
100 1 34.1856 0.00826733 2.13119 19.8342
101 1 26.9462 0.00956195 2.64205 20.1815
102 1 33.4981 0.0116025 2.80497 21.4708
103 1 41.665 0.0119603 1.81141 17.3921
104 1 41.2164 0.0102612 2.30348 20.556
105 1 34.1453 0.00997516 2.95031 22.6832
106 1 31.5933 0.0116687 2.58838 22.9926
107 1 40.1557 0.0106849 1.61021 14.7335
108 1 32.6129 0.0104963 2.62407 22.0682
109 1 46.4451 0.0136375 1.29593 11.7238
110 1 31.2237 0.00613103 4.28925 29.7342
111 1 46.2392 0.0102343 2.09864 16.3391
112 1 38.5542 0.00544335 2.03079 17.6305
113 1 37.718 0.00841133 2.25 19.6355
114 1 39.7051 0.0115242 1.88476 15.6506
115 1 42.2079 0.0128465 2.30322 17.7129
116 1 40.0197 0.00923551 3.13933 23.434
117 1 41.4771 0.0136588 2.04203 15.5748
118 1 46.1958 0.0131404 2.117 18.7315
119 1 37.0642 0.00779012 3.1037 27.7111
120 1 42.2868 0.0120413 2.25065 16.6486
121 1 38.648 0.01301 2.11816 17.1132
122 1 35.7606 0.00961347 3.15087 24.6895
123 1 36.3172 0.00768278 2.78563 25.4721
124 1 51.8113 0.0131936 1.49938 13.3983
125 1 36.4238 0.0101611 3.59603 29.4064
126 1 47.2946 0.0156055 2.69039 21.1848
127 1 36.1533 0.0123115 2.52905 21.5006
128 1 38.9391 0.0148881 2.81965 23.4117
129 1 47.7374 0.0152281 2.38348 18.815
130 1 43.3412 0.014603 2.79529 19.732
131 1 44.5774 0.0129864 2.43494 16.8278
132 1 37.6409 0.0114589 2.24314 20.6671
133 1 39.6005 0.0112577 4.4217 32.3194
134 1 54.9764 0.016087 1.4795 11.6845
135 1 50.6309 0.0149136 1.77037 15.8
136 1 50.4311 0.0146832 1.74286 15.0957
137 1 48.6074 0.010321 2.38272 19.0926
138 1 50.6404 0.015702 2.95936 20.9372
139 1 49.7716 0.0167407 2.09506 17.4062
140 1 48.8889 0.0160864 2.03457 15.316
141 1 48.4027 0.0142999 2.83147 25.5304
142 1 52.2705 0.0158561 1.95409 17.2109
143 1 47.4745 0.0157783 1.83686 16.6725
144 1 57.1355 0.0144417 2.05897 18.7265
145 1 54.129 0.0110546 2.44541 20.4355
146 1 56.863 0.014358 2.84691 23.9321
147 1 39.4895 0.014176 2.44362 20.1648
148 1 53.4801 0.0175746 1.66294 16.2463
149 1 61.8157 0.0199253 1.93151 15.1295
150 1 52.7447 0.0186233 2.19274 18.0213
151 1 50.0967 0.0147212 2.67534 20.715
152 1 49.5576 0.0173234 3.26022 23.026
153 1 57.3485 0.0163916 2.14655 17.8498
154 1 53.5359 0.0174629 3.32054 24.87
155 1 60.9342 0.0201739 1.92298 14.5242
156 1 51.3712 0.0165152 2.16035 17.5379
157 1 69.7785 0.019703 1.60149 15.0718
158 1 53.2028 0.0193367 2.53066 22.4743
159 1 66.9049 0.0204756 2.28536 20.5006
160 1 52.2951 0.0130864 2.27778 18.4111
161 1 52.8368 0.020581 1.53028 14.864
162 1 45.224 0.00804455 3.02599 23.172
163 1 59.8248 0.0192795 2.40994 21.3379
164 1 75.0311 0.0242733 1.07826 11.7913
165 1 63.4097 0.0147073 1.43836 12.9726
166 1 46.3309 0.0184074 2.08519 15.9012
167 1 62.1305 0.0205144 1.56336 12.2735
168 1 55.7366 0.0175652 2.15404 18.2025
169 1 57.2589 0.0191739 3.03453 21.5092
170 1 64.1635 0.0226342 2.54182 21.5993
171 1 66.8923 0.0200743 3.40594 25.4938
172 1 60.8742 0.0155117 1.45253 14.582
173 1 64.0434 0.0217224 2.25155 19.2577
174 1 54.5456 0.024532 2.61207 19.7365
175 1 58.8936 0.0231414 2.62203 21.7409
176 1 64.7472 0.0179655 1.70284 16.2713
177 1 63.8838 0.024314 2.84672 22.4697
178 1 78.4414 0.0224784 2.71887 18.254
179 1 66.6202 0.0201993 2.19676 16.8344
180 1 69.0198 0.0237624 2.77228 22.9059
181 1 74.594 0.0292732 1.72807 17.0539
182 1 64.7043 0.0231078 2.54637 22.9875
183 1 79.3173 0.0253097 1.16688 11.799
184 1 58.6995 0.0240524 1.86035 14.2743
185 1 67.4603 0.0277419 1.71464 12.3499
186 1 71.3123 0.0251852 1.86296 16.8272
187 1 68.875 0.0231807 2.91584 24.0668
188 1 81.5191 0.0250432 1.18742 11.402
189 1 74.5596 0.0219727 2.15136 16.1476
190 1 81.3745 0.0222597 2.13358 17.8539
191 1 62.2752 0.0185056 2.74097 22.4521
192 1 78.9279 0.0261816 1.57587 13.5821
193 1 66.646 0.0155941 3.08292 21.5396
194 1 71.6092 0.0275558 1.63648 15.469
195 1 59.399 0.0208728 1.82544 17.5249
196 1 81.0781 0.0265304 2.90458 24.7856
197 1 74.3835 0.0314557 1.79747 15.919
198 1 65.9899 0.0210566 2.76226 21.8314
199 1 64.696 0.0158685 2.99752 24.9541
