2 25 1.06527 0.000221675
3 25 1.05419 0.000369458
4 25 1.05542 0.000554187
5 25 1.02094 0.000689655
6 25 1.05542 0.00152709
7 25 1.05049 0.00141626
8 25 1.05665 0.0016133
9 25 1.04803 0.00243842
10 25 1.37315 0.0060468
11 25 1.46921 0.00419951
12 25 1.37808 0.00360837
13 25 1.53818 0.00906404
14 25 1.42857 0.0070936
15 25 1.53079 0.00609606
16 25 1.84729 0.00743842
17 25 1.7266 0.00780788
18 25 1.93966 0.027032
19 25 1.86946 0.00924877
20 25 1.867 0.0163793
21 25 1.76724 0.0103941
22 25 1.95074 0.0117365
23 25 2.07759 0.0156527
24 25 2.1133 0.0286207
25 25 2.05419 0.0175369
26 25 2.32266 0.0329557
27 25 1.98645 0.0238177
28 25 2.46429 0.0354926
29 25 2.26847 0.0410591
30 25 2.20838 0.092799
31 25 2.55542 0.0527586
32 25 2.06034 0.0328325
33 25 2.81281 0.0262931
34 25 2.51355 0.0638916
35 25 2.74138 0.0763177
36 25 2.37978 0.0414427
37 25 2.53695 0.0617365
38 25 3.19581 0.0435714
39 25 2.49384 0.0621798
40 25 4.01108 0.0699261
41 25 2.60837 0.0371059
42 25 4.69089 0.10766
43 25 3.86946 0.074803
44 25 3.15517 0.0533374
45 25 3.80911 0.0676601
46 25 2.61084 0.0594458
47 25 3.08889 0.0547654
48 25 3.60099 0.081564
49 25 3.93473 0.111133
50 25 3.10222 0.0755542
51 25 4.86453 0.117512
52 25 3.88547 0.107685
53 25 3.51788 0.12402
54 25 3.4217 0.0791739
55 25 4.24538 0.0715413
56 25 4.71305 0.122007
57 25 4.50985 0.094532
58 25 2.94951 0.0777217
59 25 3.51232 0.16266
60 25 4.55665 0.125456
61 25 3.29346 0.0807028
62 25 3.80665 0.114729
63 25 6.4803 0.141379
64 25 4.03695 0.090197
65 25 3.82512 0.0817118
66 25 4.83621 0.157278
67 25 4.19704 0.193448
68 25 5.48399 0.161626
69 25 6.98276 0.118719
70 25 5.85345 0.193362
71 25 3.25647 0.0861036
72 25 4.01108 0.172241
73 25 4.7266 0.150135
74 25 5.11207 0.210591
75 25 4.90012 0.0815413
76 25 3.69914 0.0944266
77 25 4.30826 0.163366
78 25 6.59606 0.191232
79 25 7.50185 0.153748
80 25 5.81281 0.129557
81 25 2.98644 0.14545
82 25 5.88533 0.160666
83 25 4.41995 0.237118
84 25 4.24015 0.152869
85 25 4.43103 0.183079
86 25 6.40148 0.220468
87 25 4.36991 0.163317
88 25 5.88177 0.158842
89 25 4.26601 0.140702
90 25 11.1022 0.140961
91 25 4.87053 0.243403
92 25 5.44969 0.11087
93 25 5.79187 0.255259
94 25 7.5 0.203559
95 25 6.63054 0.186638
96 25 3.35847 0.144091
97 25 5.12931 0.168596
98 25 5.44335 0.0667611
99 25 4.87069 0.214569
100 25 5.83477 0.280555
101 25 7.81773 0.0876108
102 25 14.4938 0.234717
103 25 8.67078 0.18656
104 25 6.32382 0.212506
105 25 6.37069 0.237426
106 25 7.55309 0.192148
107 25 10.4729 0.256268
108 25 4.72593 0.294815
109 25 10.9212 0.429766
110 25 7.79926 0.274865
111 25 9.86035 0.304127
112 25 9.15517 0.298202
113 25 4.80123 0.146272
114 25 8.4328 0.256732
115 25 7.13054 0.180788
116 25 4.82143 0.221786
117 25 6.65271 0.198559
118 25 9.46305 0.427512
119 25 5.78668 0.317238
120 25 7.25493 0.231466
121 25 8.41307 0.179186
122 25 9.64655 0.33782
123 25 5.77792 0.38701
124 25 9.93711 0.33582
125 25 5.71623 0.226828
126 25 8.67365 0.458522
127 25 5.53079 0.205554
128 25 15.6108 0.954433
129 25 6.25647 0.279026
130 25 8.51108 0.27803
131 25 7.71059 0.257007
132 25 6.81404 0.299852
133 25 6.41481 0.349012
134 25 11.0703 0.386498
135 25 5.16049 0.263444
136 25 13.1559 0.420099
137 25 8.64858 0.431689
138 25 8.43773 0.3009
139 25 6 0.320604
140 25 9.97534 0.228015
141 25 5.85099 0.20617
142 25 9.6942 0.333699
143 25 10.835 0.23601
144 25 8.47537 0.289273
145 25 6.43881 0.310408
146 25 7.12155 0.299624
147 25 10.0592 0.497164
148 25 8.08374 0.296983
149 25 13.0591 0.311638
150 25 12.415 0.286478
151 25 4.44981 0.3223
152 25 12.5339 0.425351
153 25 15.4483 0.5567
154 25 4.37624 0.511002
155 25 11.4323 0.351773
156 25 7.47901 0.443556
157 25 10.984 0.54835
158 25 10.1628 0.369568
159 25 5.89901 0.228719
160 25 12.4834 0.517534
161 25 11.4483 0.292796
162 25 9.42857 0.369865
163 25 9.50433 0.500396
164 25 6.0523 0.181731
165 25 7.94067 0.488591
166 25 12.468 0.478103
167 25 9.50678 0.860234
168 25 10.814 0.327266
169 25 9.65968 0.325166
170 25 9.53391 0.288237
171 25 9.02346 0.431173
172 25 10.5973 0.502615
173 25 12.7608 0.489778
174 25 9.87562 0.500825
175 25 9.12577 0.45545
176 25 10.6794 0.57725
177 25 11.7007 0.427488
178 25 13.1432 0.632259
179 25 11.4236 0.516416
180 25 14.564 0.396342
181 25 12.2432 0.511753
182 25 11.7519 0.770321
183 25 8.4803 0.372167
184 25 15.3009 0.512367
185 25 11.9914 0.388878
186 25 9.17241 0.439212
187 25 13.1576 0.528768
188 25 12.9544 1.18522
189 25 9.14233 0.467067
190 25 12.6047 0.377893
191 25 10.8631 0.445018
192 25 14.4513 0.364969
193 25 8.69183 0.560767
194 25 11.6116 0.350247
195 25 14.2968 0.325603
196 25 6.8202 0.334803
197 25 14.9518 0.545958
198 25 9.87069 0.58
199 25 18.0941 0.841002
