2 100 1.01332 0.000559361 0.943683 0.954718
3 100 1.02207 0.000738204 1.31849 1.3379
4 100 1.03843 0.000783866 1.58904 1.60845
5 100 1.03767 0.000791476 1.99658 2.02702
6 100 1.04452 0.00100457 2.25 2.27626
7 100 1.04756 0.00121005 2.71499 2.77626
8 100 1.07306 0.00105023 2.8086 2.84703
9 100 1.05556 0.0013204 3.18151 3.21157
10 100 1.07725 0.00142694 3.52017 3.55974
11 100 1.08029 0.00149924 3.80974 3.87291
12 100 1.07078 0.00162861 3.99201 4.03044
13 100 1.07648 0.0013242 4.38813 4.4376
14 100 1.08714 0.00166667 4.7051 4.7675
15 100 1.13813 0.00157534 4.89003 4.93417
16 100 1.10084 0.00194444 5.02816 5.07686
17 100 1.12443 0.00214612 5.16172 5.22374
18 100 1.13394 0.00212709 5.43417 5.5
19 100 1.1241 0.00227255 5.78797 5.85497
20 100 1.14498 0.00232116 5.91743 6.06697
21 100 1.14954 0.00259513 6.11606 6.19482
22 100 1.17314 0.0021309 6.48174 6.56621
23 100 1.2675 0.00212329 6.29795 6.39003
24 100 1.28272 0.00155251 6.83676 6.91743
25 100 1.37062 0.001621 6.42009 6.52778
26 100 1.14878 0.00247336 7.56393 7.66591
27 100 1.15982 0.00261796 7.52892 7.63166
28 100 1.15068 0.00262938 8.09779 8.20928
29 100 1.14802 0.00334475 8.41134 8.57953
30 100 1.15531 0.00331176 8.44842 8.55919
31 100 1.17314 0.00254947 8.7344 8.84437
32 100 1.15868 0.00326865 9.10883 9.21119
33 100 1.16096 0.00366438 9.21918 9.32725
34 100 1.29528 0.00269406 9.35578 9.4825
35 100 1.24581 0.00204718 9.53463 9.63394
36 100 1.18721 0.00342466 10.4144 10.5247
37 100 1.19406 0.00291857 10.6846 10.7915
38 100 1.17504 0.00419711 11.0947 11.2192
39 100 1.22641 0.0041172 11.0487 11.1865
40 100 1.1831 0.00418729 11.3125 11.4328
41 100 1.20708 0.0041378 11.7035 11.8378
42 100 1.19597 0.00380898 12.2363 12.376
43 100 1.22565 0.00474886 12.0605 12.2694
44 100 1.3228 0.00341454 12.0221 12.1804
45 100 1.18683 0.00327626 12.79 13.062
46 100 1.17846 0.00363014 12.9814 13.1537
47 100 1.23554 0.00406393 12.7846 13.0061
48 100 1.20548 0.00516362 13.3558 13.5586
49 100 1.39193 0.00252664 13.2489 13.4513
50 100 1.23868 0.0039056 14.5181 14.6703
51 100 1.20814 0.00364536 14.5491 14.6994
52 100 1.21994 0.00363394 15.0788 15.2508
53 100 1.21728 0.00576104 15.3851 15.6206
54 100 1.18874 0.00384703 15.5088 15.782
55 100 1.26104 0.00509893 14.8295 15.1111
56 100 1.28272 0.00608447 16.3295 16.5167
57 100 1.20358 0.00608447 15.9266 16.1526
58 100 1.19642 0.00382566 15.992 16.1907
59 100 1.22112 0.00576058 17.0111 17.2779
60 100 1.28006 0.00624049 16.7492 16.9425
61 100 1.22104 0.00507622 17.3956 17.681
62 100 1.22535 0.00610582 17.0483 17.2691
63 100 1.24429 0.006621 17.7336 17.9323
64 100 1.22421 0.00688618 17.7693 18.0053
65 100 1.24315 0.00691781 17.9113 18.1073
66 100 1.25419 0.00700533 19.0072 19.2352
67 100 1.21728 0.00618341 19.1377 19.395
68 100 1.24962 0.00733257 19.0061 19.2264
69 100 1.25999 0.00652836 18.8968 19.1485
70 100 1.23877 0.00742574 19.6104 19.8111
71 100 1.25875 0.00777397 20.5719 21.0331
72 100 1.24239 0.00628234 20.7808 21.0057
73 100 1.26722 0.00776171 20.3571 20.7541
74 100 1.27549 0.00484399 19.4209 19.7226
75 100 1.30441 0.00447108 20.2078 20.4216
76 100 1.25495 0.0073516 21.2705 21.5278
77 100 1.27207 0.00806697 21.18 21.578
78 100 1.25771 0.00673392 21.8656 22.1804
79 100 1.20587 0.00856653 22.5448 22.8117
80 100 1.28729 0.008379 21.5122 21.8858
81 100 1.23487 0.007933 23.7457 24.2254
82 100 1.24096 0.00869433 22.7655 23.2767
83 100 1.2519 0.00885084 22.8052 23.1248
84 100 1.28169 0.00854968 23.0042 23.279
85 100 1.29262 0.00901826 24.3843 24.6925
86 100 1.25228 0.00894597 23.7428 24.0426
87 100 1.3261 0.00914003 23.3562 23.6884
88 100 1.26865 0.0094102 24.4136 24.6488
89 100 1.24658 0.00931887 24.5422 25.0727
90 100 1.29528 0.00950913 26.0597 26.3676
91 100 1.3511 0.00964585 25.2875 25.6458
92 100 1.30365 0.00996575 26.1701 26.5198
93 100 1.26332 0.0100419 26.6735 26.981
94 100 1.25847 0.0101028 27.1439 27.4454
95 100 1.32851 0.00765512 26.4971 26.815
96 100 1.27626 0.00998858 27.5145 27.8379
97 100 1.30617 0.0101599 25.9002 26.2129
98 100 1.25809 0.0106243 27.5569 28.2265
99 100 1.25847 0.00976399 27.3932 27.7343
100 100 1.31545 0.0104756 27.0126 27.3333
101 100 1.28957 0.00714612 27.89 28.2397
102 100 1.28539 0.00912481 28.218 28.5734
103 100 1.26522 0.00883562 28.7222 29.3725
104 100 1.319 0.00955082 28.9124 29.1991
105 100 1.3045 0.0111357 28.7679 29.4268
106 100 1.29033 0.010175 29.8546 30.239
107 100 1.26332 0.00763699 29.5594 29.8988
108 100 1.29947 0.00995814 30.0434 30.3588
109 100 1.54262 0.0107686 27.9589 28.3299
110 100 1.33041 0.00714123 29.4191 29.7632
111 100 1.28544 0.00950838 30.8277 31.3826
112 100 1.29452 0.0072032 30.9509 31.309
113 100 1.27055 0.0110731 32.5616 32.96
114 100 1.33904 0.00863014 30.0221 30.4958
115 100 1.36187 0.0102664 30.9216 31.2778
116 100 1.44064 0.00984399 30.6298 31.0563
117 100 1.37548 0.00977913 30.6325 31.0133
118 100 1.34399 0.0128767 32.4954 32.9003
119 100 1.29844 0.00985915 33.3407 33.7594
120 100 1.35543 0.00794667 30.8994 31.523
121 100 1.31431 0.00968417 33.6225 34.0232
122 100 1.30023 0.00912481 34.7283 35.4148
123 100 1.37671 0.0134703 33.3158 33.876
124 100 1.31583 0.0115753 33.5278 33.8782
125 100 1.31785 0.0092539 34.437 34.8002
126 100 1.36948 0.0119901 34.1766 34.5967
127 100 1.33498 0.0137077 34.7712 35.2429
128 100 1.50171 0.0137867 35.9261 36.3931
129 100 1.28522 0.0137624 36.1249 36.9326
130 100 1.40076 0.0141295 35.7135 36.1337
131 100 1.45984 0.0107347 34.8142 35.2284
132 100 1.33651 0.0125162 35.11 35.574
133 100 1.32242 0.0097716 35.5447 35.9962
134 100 1.45053 0.0140753 37.2987 37.6804
135 100 1.32116 0.0104528 35.6788 36.102
136 100 1.4796 0.00870377 33.6458 34.1022
137 100 1.43227 0.00921613 35.3683 35.7957
138 100 1.32268 0.00876332 37.0719 37.5506
139 100 1.36423 0.0150114 37.1762 37.6998
140 100 1.40236 0.0150971 36.976 37.4903
141 100 1.45282 0.0122451 37.6221 38.1461
142 100 1.32585 0.0155577 39.3529 39.8043
143 100 1.44614 0.0154739 38.5097 39.0038
144 100 1.9657 0.00853659 37.0652 37.455
145 100 1.31861 0.00853445 40.1858 41.0487
146 100 1.43602 0.00832445 38.305 38.7315
147 100 1.35744 0.0101256 38.1507 38.6258
148 100 2.09247 0.00956621 37.9951 38.4441
149 100 1.37671 0.0145738 39.6785 40.691
150 100 1.57219 0.00972952 38.4015 38.8739
151 100 1.38453 0.0142569 42.0038 42.4794
152 100 1.49391 0.012262 39.7091 40.1813
153 100 1.41895 0.0142199 39.2355 39.7119
154 100 1.33612 0.00896079 40.8527 41.3567
155 100 1.3393 0.0154075 42.0297 42.564
156 100 1.37029 0.0132 41.8133 42.3055
157 100 1.45312 0.0121951 41.0305 41.5328
158 100 1.49029 0.0172554 41.7697 42.7274
159 100 1.47831 0.0129604 42.5479 43.0959
160 100 1.3214 0.0122277 42.1596 43.0743
161 100 1.41035 0.0118881 40.3167 40.818
162 100 1.73706 0.0130061 41.1134 41.6104
163 100 1.33549 0.0150057 44.0301 45.0724
164 100 1.39611 0.0118262 42.8372 43.6782
165 100 1.3801 0.0162638 44.3004 44.8982
166 100 1.3671 0.0100533 44.42 44.9749
167 100 1.43227 0.0100799 45.9821 46.4909
168 100 1.37267 0.0132547 46.0285 46.5482
169 100 1.36772 0.0148496 45.3346 46.3552
170 100 1.39977 0.0109642 44.3323 44.8986
171 100 1.9532 0.00952816 44.6206 45.3535
172 100 1.52957 0.0134109 42.8031 43.3266
173 100 1.44745 0.0189947 45.4962 46.027
174 100 1.46262 0.0188635 44.3013 44.8463
175 100 1.50742 0.0126342 46.2745 46.8553
176 100 1.48895 0.0103011 44.46 45.0015
177 100 1.34069 0.0106205 46.1526 46.7556
178 100 1.3898 0.0150362 47.094 47.649
179 100 1.43843 0.0178193 45.7327 46.3336
180 100 1.80655 0.0127037 45.5712 46.0914
181 100 1.45732 0.0142264 47.7675 48.75
182 100 1.57632 0.0146289 46.1549 47.1214
183 100 1.50038 0.011805 47.5762 48.6988
184 100 1.65905 0.0199352 47.7627 48.304
185 100 1.5723 0.0180365 47.2492 47.8957
186 100 1.80244 0.0112714 49.3487 49.9353
187 100 1.77389 0.0203159 46.7533 47.3624
188 100 1.48134 0.020457 47.5308 48.155
189 100 1.63442 0.0206398 45.3027 45.8819
190 100 1.97792 0.014016 48.4161 49.1104
191 100 1.4842 0.0212486 47.9931 48.7088
192 100 1.44661 0.021373 52.3116 52.9691
193 100 1.4492 0.02144 52.1413 52.7651
194 100 1.6602 0.0167314 49.9467 50.6039
195 100 1.4813 0.0205191 49.0515 49.6668
196 100 1.43738 0.0183708 50.8721 51.5207
197 100 1.98439 0.0194747 50.2394 50.8957
198 100 1.61792 0.0189472 51.1692 51.7783
199 100 1.50248 0.0110552 48.653 49.2785
