2 25 1.02833 0.000123153 0.852217 5.73768
3 25 1.01232 0.000197044 1.20074 7.45567
4 25 0.966749 0.000357143 1.53695 9.62808
5 25 1.05296 0.00023399 1.65887 10.8904
6 25 1.02217 0.00020936 1.91749 12.7672
7 25 0.887931 0.000418719 2.62315 16.1761
8 25 0.901478 0.00070197 2.85099 17.548
9 25 0.928571 0.000406404 2.96429 18.7623
10 25 0.918719 0.000591133 3.38177 20.8239
11 25 0.997537 0.000541872 3.72167 23.0493
12 25 0.942118 0.00102217 4.0234 25.2574
13 25 0.917488 0.000775862 4.16872 26.4089
14 25 0.82266 0.000591133 4.77709 29.3165
15 25 0.993842 0.0012069 5.08744 31.1539
16 25 0.903941 0.0012931 5.2266 32.9224
17 25 0.811576 0.001133 5.77217 34.0887
18 25 0.951899 0.000734177 5.34177 33.7367
19 25 0.937192 0.000751232 5.87069 38.0751
20 25 0.830049 0.000788177 6.27709 37.7352
21 25 0.827586 0.00114532 6.69704 39.3387
22 25 0.855911 0.00188424 6.94458 41.6404
23 25 0.910099 0.00165025 7.47537 45.0468
24 25 0.825123 0.00181034 7.63793 45.7943
25 25 0.85468 0.00198276 8.17734 48.8251
26 25 0.799261 0.00203202 8.57389 51.6047
27 25 0.963054 0.0020936 8.01478 49.7574
28 25 0.871921 0.00208128 8.72044 53.4409
29 25 0.834975 0.00178571 8.85468 55.2623
30 25 0.800493 0.00125616 9.11823 55.3054
31 25 1.06527 0.000948276 8.36576 54.6736
32 25 0.969212 0.0012931 9.42365 57.298
33 25 0.794335 0.00110837 10.5431 66.5099
34 25 0.988916 0.001133 10.2365 62.8202
35 25 0.992611 0.00130542 10.633 64.6773
36 25 1.117 0.00137931 10.431 66.936
37 25 0.950739 0.00139163 10.8498 68.2438
38 25 0.757389 0.00144089 12.2365 74.2266
39 25 1.05049 0.00156404 11.1847 72.2709
40 25 1.00616 0.001367 11.9877 73.9384
41 25 1 0.00151478 11.0062 70.5456
42 25 1.07037 0.00169136 12.6383 78
43 25 1.33128 0.00160099 10.8485 69.6613
44 25 1.19335 0.00167488 11.6626 74.3239
45 25 0.82266 0.00149015 13.9347 85.064
46 25 0.828818 0.00155172 13.7537 84.0874
47 25 0.795567 0.00158867 14.9483 90.7241
48 25 1.42734 0.00190887 13.9076 88.436
49 25 0.875616 0.00211823 13.6453 86.7143
50 25 1.1601 0.00173645 14.8744 88.4938
51 25 0.921182 0.00167488 15.1983 96.5788
52 25 0.937192 0.00189655 14.6761 93.1872
53 25 0.940887 0.00185961 14.5099 91.9778
54 25 0.808878 0.0017016 16.4821 103.49
55 25 0.836207 0.00197044 15.6108 98.5271
56 25 0.942118 0.00213054 15.9532 99.7956
57 25 1.14039 0.00216749 15.4667 99.553
58 25 1.79187 0.00243842 14.9963 97.4421
59 25 0.964286 0.00199507 17.4963 109.892
60 25 0.935961 0.00227833 18.1108 112.691
61 25 0.838471 0.00215783 19.053 115.767
62 25 0.783251 0.00210591 19.1207 115.172
63 25 1.59852 0.00203202 16.6884 109.211
64 25 0.838272 0.00218519 18.0395 111.441
65 25 1.0702 0.00219212 17.5172 115.048
66 25 0.825123 0.00259852 18.7562 116.329
67 25 1.85099 0.00232759 17.8103 110.752
68 25 1.11576 0.00225369 18.8485 116.183
69 25 0.982759 0.00230296 19.9901 122.44
70 25 1.733 0.00302843 19.5575 124.211
71 25 1.3679 0.00303704 19.137 116.315
72 25 0.871921 0.00318966 19.6527 123.931
73 25 0.876847 0.00289409 20.4347 130.417
74 25 1.71182 0.00284483 19.67 123.344
75 25 0.820197 0.00247537 21.8424 136.858
76 25 1.45443 0.0029803 20.0887 123.006
77 25 0.934729 0.00332512 19.548 127.326
78 25 0.948212 0.00314427 21.2972 135.742
79 25 1.81706 0.00253399 20.6786 128.601
80 25 1.21921 0.00347291 22.3768 133.426
81 25 1.25616 0.00371921 23.6515 143.67
82 25 0.850985 0.00316502 22.5579 147.808
83 25 1.133 0.00333744 21.2069 136.435
84 25 0.862069 0.00305419 23.851 153.568
85 25 1.10591 0.00407635 23.6268 142.634
86 25 1.23399 0.00349754 19.5579 132.658
87 25 1.10099 0.00373153 23.2081 155.228
88 25 0.836207 0.00344828 23.6909 153.119
89 25 1.17654 0.00383951 23.9469 157.275
90 25 1.22346 0.00364198 21.7309 143.832
91 25 2.67488 0.00358374 21.6539 138.537
92 25 1.1418 0.00314427 24.0025 156.297
93 25 1.45253 0.00358816 22.9088 148.115
94 25 1.12315 0.003633 24.5862 156.081
95 25 1.0665 0.00349754 24.1034 153.031
96 25 1.00739 0.00405172 23.3768 148.919
97 25 1.62392 0.00378545 21.9494 148.224
98 25 1.29187 0.00369458 24.5961 156.071
99 25 1.25556 0.00402469 24.9778 155.663
100 25 1.32386 0.00404203 25.7268 163.66
101 25 0.985203 0.00452528 28.0012 178.65
102 25 0.926017 0.00543773 26.0333 168.545
103 25 1.32469 0.00909877 24.621 157.63
104 25 1.31481 0.00866667 24.8086 164.148
105 25 1.15328 0.00695921 25.2645 159.269
106 25 1.02963 0.00909877 28.1333 178.358
107 25 1.133 0.00956897 27.7401 179.126
108 25 1.24104 0.00552534 25.8269 170.305
109 25 2.11946 0.0054064 28.1663 181.72
110 25 1.38916 0.00469212 23.6921 157.059
111 25 1.26387 0.00478422 26.5179 178.069
112 25 1.67448 0.0095561 25.1122 167.663
113 25 1.11248 0.00940667 26.6218 174.921
114 25 1.13194 0.0103083 27.4229 179.109
115 25 1.35961 0.0101724 27.0456 177.835
116 25 1.40915 0.0107664 26.5995 175.412
117 25 1.34938 0.00862963 27.8778 178.395
118 25 1.77379 0.00488257 27.513 180.667
119 25 1.09618 0.0107028 30.4143 196.58
120 25 1.44045 0.010397 26.4442 168.964
121 25 1.47277 0.00923267 26.2252 178.033
122 25 1.81605 0.00501235 28.1 179.207
123 25 3.81413 0.00527881 24.6555 167.896
124 25 1.34895 0.00499383 32.9926 206.517
125 25 1.45129 0.00522811 30.3206 200.879
126 25 2.53391 0.0053021 29.6905 186.054
127 25 1.39334 0.00921085 28.6276 186.824
128 25 1.53637 0.00598027 27.476 183.761
129 25 1.8321 0.0108642 30.3926 201.926
130 25 1.53325 0.00826355 30.6773 199.841
131 25 1.3963 0.0104815 29.7457 197.06
132 25 1.41481 0.00838272 29.8753 200.351
133 25 1.5635 0.00660912 32.4673 210.089
134 25 1.75462 0.0109741 28.6683 195.409
135 25 1.65099 0.0119678 28.2389 186.885
136 25 1.60767 0.0124629 30.8156 198.694
137 25 1.99631 0.00660099 29.0111 201.284
138 25 1.48765 0.00576543 31.4864 205.644
139 25 2.08878 0.0052651 27.0691 181.456
140 25 3.54994 0.0110358 28.275 192.969
141 25 1.7642 0.013284 27.5235 178.415
142 25 1.85554 0.0131133 28.9875 196.382
143 25 1.8867 0.012734 28.9236 195.277
144 25 2.12577 0.0126634 30.2355 200.244
145 25 1.14975 0.0125371 32.8713 217.447
146 25 1.58663 0.0134158 32.229 201.197
147 25 1.65764 0.0139655 30.7463 210.648
148 25 1.68842 0.0133621 31.3621 206.282
149 25 1.59527 0.0138854 30.3362 194.31
150 25 1.97284 0.0134568 29.1716 194.347
151 25 1.33416 0.0087005 33.7686 222.63
152 25 1.63916 0.00662562 31.553 205.175
153 25 1.29223 0.00598027 33.5586 223.744
154 25 2.55432 0.00655556 28.8506 192.869
155 25 2.68272 0.00803704 31.516 205.027
156 25 1.47837 0.0139926 33.974 215.567
157 25 1.88286 0.013058 33.7337 227.644
158 25 4.63502 0.0144266 25.7781 179.719
159 25 1.48829 0.00812577 35.6338 229.318
160 25 1.69051 0.00657213 33.1134 224.072
161 25 3.49938 0.00752809 27.5131 177.045
162 25 2.9101 0.0070197 31.0074 204.137
163 25 2.74229 0.00662145 33.6745 223.064
164 25 2.2089 0.00751545 35.9407 226.22
165 25 1.82984 0.00733662 35.5314 227.711
166 25 1.36543 0.00733333 34.8889 239.063
167 25 2.60591 0.00788177 30.5591 215.532
168 25 2.92734 0.0140025 30.9569 209.406
169 25 1.60864 0.0161111 32.3247 217.109
170 25 2.1897 0.0153643 32.25 217.631
171 25 1.85679 0.0126173 31.1691 217.216
172 25 1.62593 0.014 34.4296 238.459
173 25 2.19136 0.00945679 32.1852 216.372
174 25 7.27833 0.0163424 30.7709 199.456
175 25 2.37871 0.0154827 30.3948 202.446
176 25 2.65223 0.0153094 34.6634 228.95
177 25 2.90358 0.0164524 27.0754 183.867
178 25 6.6716 0.0167284 26.4914 179.731
179 25 1.70545 0.0151856 35.9257 235.545
180 25 1.5958 0.0115698 34.089 228.843
181 25 2.84321 0.0171481 34.8444 235.41
182 25 2.12207 0.0156967 31.9383 213.674
183 25 2.1151 0.0174381 35.146 244.099
184 25 2.20396 0.0167491 35.1693 227.745
185 25 1.65351 0.0163625 36.1665 245.654
186 25 1.83354 0.00717633 39.9273 258.473
187 25 2.18126 0.0131566 34.0025 226.324
188 25 2.1566 0.0168927 33.762 229.615
189 25 4.28801 0.0178986 30.9567 214.995
190 25 3.20694 0.0179802 32.8092 212.594
191 25 2.06064 0.0158911 34.4851 230.097
192 25 2.88834 0.00776675 42.1749 268.342
193 25 2.82143 0.0117857 36.5567 240.488
194 25 1.31527 0.0108621 39.0037 268.916
195 25 3.5468 0.0178571 34.4323 232.11
196 25 1.84015 0.0180793 37.6853 253.626
197 25 2.13317 0.0185327 35.8496 242.853
198 25 1.81953 0.0194067 37.2633 251.608
199 25 5.05081 0.016803 30.4461 220.014
