2 25 1.02094 0.000184729 0.855911 5.82512
3 25 0.990148 0.000270936 1.21305 7.77463
4 25 0.92734 0.000431034 1.60345 10.0456
5 25 0.902709 0.000369458 1.88424 11.9298
6 25 0.897783 0.000504926 2.13916 13.8227
7 25 0.937192 0.000381773 2.49015 15.899
8 25 0.940887 0.000283251 2.59975 17.0961
9 25 0.865764 0.000788177 3.28695 20.2328
10 25 0.910099 0.000800493 3.24631 21.0764
11 25 0.94335 0.00102217 3.56281 23.1429
12 25 0.922414 0.00103448 4.25123 25.5727
13 25 0.955665 0.00108374 4.24631 27.2808
14 25 0.910099 0.00109606 4.80172 29.6268
15 25 0.92734 0.00125616 4.97537 31.1589
16 25 0.860837 0.00134236 5.40025 32.5357
17 25 0.881773 0.00149015 5.56527 33.4975
18 25 0.842365 0.00142857 6.18596 37.2672
19 25 0.857143 0.00140394 5.90517 37.1108
20 25 0.915025 0.00123153 6.4064 40.2759
21 25 1.0234 0.000837438 6.55419 42.5887
22 25 0.843596 0.00198276 6.99507 42.0185
23 25 0.869458 0.00185961 7.62931 46.9409
24 25 0.970443 0.00187192 7.33867 45.9877
25 25 0.947955 0.00200743 7.5539 46.1896
26 25 0.853448 0.00214286 8.29433 50.0616
27 25 0.922414 0.00227833 8.43103 51.8239
28 25 1.00862 0.00230296 8.80542 53.6047
29 25 0.801724 0.00222906 8.89039 55.867
30 25 0.866995 0.00231527 9.13547 56.1219
31 25 0.948212 0.00247842 9.07028 58.5142
32 25 0.929803 0.00275862 10.1108 63.42
33 25 0.855911 0.00253695 9.82512 60.7586
34 25 0.823892 0.00247537 10.7993 66.7192
35 25 0.977833 0.00278325 10.2623 65.7094
36 25 0.871921 0.00273399 10.7007 66.6244
37 25 0.826355 0.00272167 11.0936 69.984
38 25 0.982759 0.001367 11.5948 69.2906
39 25 1.17365 0.0025 11.0099 70.3732
40 25 0.966749 0.0029803 12.4236 77.4015
41 25 0.793103 0.00314039 12.9236 78.952
42 25 0.932266 0.00365764 11.6872 77.3103
43 25 0.859085 0.00333745 12.026 75.419
44 25 0.876695 0.00358816 13.1381 84.1171
45 25 0.890394 0.00366995 13.4704 85.5788
46 25 0.843403 0.00340321 13.5142 83.8076
47 25 0.997537 0.00401478 14.7488 88.2241
48 25 0.916256 0.00387931 14.7648 91.0394
49 25 0.939655 0.00385468 14.0345 88.8658
50 25 1.0148 0.00397041 13.4094 84.7201
51 25 0.866831 0.00408138 15.2441 96.5105
52 25 1.05179 0.00276202 14.7965 95.3527
53 25 0.926108 0.00424877 15.2512 95.5049
54 25 0.852217 0.0020197 16.6835 104.055
55 25 0.900246 0.00490148 16.819 106.904
56 25 0.880542 0.00466749 16.016 100.182
57 25 1.09248 0.00482121 15.3305 98.36
58 25 0.847291 0.00460591 16.4938 103.884
59 25 0.881773 0.00490148 16.9852 107.085
60 25 0.958128 0.00481527 17.0985 108.358
61 25 0.82963 0.00530864 17.0654 108.802
62 25 1.68103 0.00519704 16.9532 102.702
63 25 1.01481 0.00555556 17.4099 107.563
64 25 0.92725 0.00509248 16.7226 107.819
65 25 0.884094 0.00581998 18.0432 119.814
66 25 1.0062 0.00576208 19.3445 121.729
67 25 1.14074 0.00560494 18.0481 111.757
68 25 0.918519 0.00533333 19.4099 125.052
69 25 0.842365 0.00550493 19.3387 122.102
70 25 0.912562 0.00591133 20.4483 125.218
71 25 1.117 0.00557882 20.1392 127.749
72 25 1.05802 0.00606173 19.3642 123.025
73 25 0.844636 0.00590629 19.7435 125.186
74 25 1.07389 0.006367 20.415 126.224
75 25 0.940887 0.00621921 20.8411 133.472
76 25 1.03946 0.00607891 20.397 130.855
77 25 1.09383 0.00681481 21.4222 135.841
78 25 1.30419 0.0066133 20.0296 133.846
79 25 1.03461 0.00690977 20.7899 129.229
80 25 0.778325 0.00314039 23.2759 146.366
81 25 2.24507 0.00657635 21.4002 134.996
82 25 1.6835 0.00703202 21.2672 137.538
83 25 1.03222 0.00698885 22.9071 145.879
84 25 1.27037 0.0074321 21.2593 138.281
85 25 1.1378 0.00768647 22.4741 146.598
86 25 0.998767 0.00762022 22.0863 141.837
87 25 1.11467 0.00723798 21.8607 136.254
88 25 0.887793 0.00774353 23.3551 151.083
89 25 1.29426 0.00781796 20.9327 134.444
90 25 0.986436 0.00833539 24.5512 156.834
91 25 1.60222 0.0079803 22.8633 146.344
92 25 1.00247 0.00802713 23.3835 148.187
93 25 1.06897 0.0079803 23.3645 148.202
94 25 1.16626 0.00667488 22.3596 145.1
95 25 1.01232 0.00413793 24.2254 156.469
96 25 1.05049 0.00477833 23.3805 148.826
97 25 1.05322 0.00861386 25.9319 163.308
98 25 1.11576 0.00876847 27.1145 170.097
99 25 1.37407 0.00833333 23.6185 154.01
100 25 0.921085 0.00408138 27.1455 172.253
101 25 1.85345 0.00408867 22.9914 150.195
102 25 1.7157 0.00447466 27.0358 170.604
103 25 1.22441 0.00907522 24.3169 158.713
104 25 1.03941 0.00384236 28.4372 185.546
105 25 1.03453 0.00437731 26.6067 168.677
106 25 0.913687 0.00397041 29.312 187.401
107 25 1.04557 0.00401478 29.0788 181.251
108 25 1.00862 0.00523399 26.4938 164.733
109 25 1.16502 0.00445813 26.0714 172.84
110 25 2.82942 0.00517923 27.3832 173.575
111 25 1.24074 0.00451852 26.7383 167.538
112 25 1.2032 0.00560345 28.7241 183.314
113 25 1.03946 0.00636252 28.6893 189.189
114 25 1.26387 0.00893958 26.1196 172.925
115 25 1.47219 0.00551298 27.445 178.391
116 25 1.51053 0.0060223 26.3978 169.701
117 25 2.27709 0.00992611 25.4015 169.166
118 25 1.64655 0.0101232 26.6256 176.124
119 25 1.31073 0.0111097 28.1319 179.091
120 25 1.20148 0.0107417 28.644 193.323
121 25 1.62885 0.0111097 27.201 174.34
122 25 1.80247 0.010642 27.6284 184.204
123 25 1.13933 0.0106905 29.3477 199.026
124 25 1.03708 0.0106799 30.848 193.791
125 25 1.19877 0.0108025 29.9025 191.838
126 25 1.5686 0.0121508 29.2064 190.8
127 25 2.52163 0.0105315 29.5946 188.883
128 25 1.25958 0.0115451 32.089 211.075
129 25 2.68227 0.0115764 26.2845 175.24
130 25 1.42398 0.0115328 30.3659 197.089
131 25 2.55871 0.0109394 27.9382 182.005
132 25 1.5284 0.0119383 29.5333 190.507
133 25 3.19236 0.00942047 30.36 201.852
134 25 1.17079 0.00554455 33.021 212.531
135 25 1.57583 0.0116646 26.4624 180.441
136 25 1.34198 0.00555556 28.6679 184.669
137 25 2.39012 0.00651852 27.1123 177.781
138 25 2.94198 0.00849383 31.9926 212.86
139 25 1.43951 0.00693827 31.6086 206.427
140 25 1.87748 0.010198 27.6572 191.151
141 25 1.78079 0.0127833 29.553 195.081
142 25 1.34611 0.0132262 34.0927 222.722
143 25 2.72362 0.00713568 33.1093 214.191
144 25 2.05425 0.0119112 29.5006 198.501
145 25 1.27104 0.0114728 31.5817 204.771
146 25 2.39753 0.0057037 26.8481 175.454
147 25 3.30419 0.0125616 29.3227 192.143
148 25 1.22497 0.012979 34.6774 230.943
149 25 1.55185 0.00777778 31.6593 208.125
150 25 2.59827 0.00597033 31.4339 194.459
151 25 1.39532 0.014101 31.8485 213.738
152 25 2.73333 0.0111111 34.1309 215.921
153 25 1.36296 0.0136914 35.8148 228.037
154 25 1.42222 0.0132963 33.3272 220.965
155 25 2.3651 0.013552 30.6906 201.225
156 25 2.15901 0.0136646 29.5006 199.424
157 25 1.51975 0.013284 29.6679 199.299
158 25 1.36352 0.0139454 34.9293 234.942
159 25 1.59653 0.014604 32.4554 217.988
160 25 1.26923 0.0147146 34.6998 230.733
161 25 1.82882 0.0138177 30.9914 201.943
162 25 1.18227 0.0140394 35.8473 236.8
163 25 1.98265 0.0151549 32.6667 213.442
164 25 4.12593 0.015 29.9358 196.378
165 25 1.69877 0.0154444 30.816 204.241
166 25 1.47146 0.0153846 35.8027 236.519
167 25 2.53704 0.0142222 31.8185 207.819
168 25 1.52104 0.0146535 34.3329 225.538
169 25 2.08663 0.0101609 35.2203 227.431
170 25 2.8552 0.0122277 31.9196 214.947
171 25 1.33871 0.0156576 37.8722 248.833
172 25 1.1284 0.0150247 38.2556 246.931
173 25 8.35099 0.0170443 30.5505 206.647
174 25 1.39179 0.0159577 35.944 243.491
175 25 2.11634 0.0164975 34.2797 223.696
176 25 1.61557 0.0103461 34.0606 222.666
177 25 2.83107 0.0145993 34.3132 232.932
178 25 2.64365 0.010037 35.7078 230.281
179 25 6.82121 0.0166215 30.651 199.508
180 25 1.95155 0.0164845 35.7839 232.205
181 25 1.5824 0.0157745 37.2392 251.786
182 25 6.20592 0.0166461 32.1258 214.381
183 25 2.23674 0.0172256 31.2676 212.772
184 25 1.85006 0.016171 35.1561 243.548
185 25 1.33539 0.0088656 41.9815 280.769
186 25 2.03453 0.00864365 33.2232 222.307
187 25 2.91122 0.0162885 34.5931 233.329
188 25 2.63872 0.0159433 33.4254 226.429
189 25 8.47336 0.0166047 31.3643 204.482
190 25 3.65637 0.0183931 31.9407 218.847
191 25 2.84328 0.0166294 33.9677 223.34
192 25 1.76667 0.0100864 38.4395 253.352
193 25 1.94198 0.0100988 39.221 254.074
194 25 1.9284 0.0160617 35.163 241.038
195 25 7.68103 0.0182389 30.2623 199.735
196 25 2.43773 0.0183847 33.7386 229.53
197 25 2.09259 0.0178765 38.6321 254.759
198 25 1.79323 0.0102256 36.8145 256.003
199 25 2.04478 0.0184204 34.0858 227.555
