2 100 1.11207 0.000578818
3 100 1.00862 0.000862069
4 100 1.06773 0.000775862
5 100 0.937192 0.00126847
6 100 1.06897 0.00166256
7 100 1.07882 0.00112069
8 100 1.11576 0.00151478
9 100 1.01232 0.00286946
10 100 1.06158 0.00259852
11 100 1.07635 0.00241379
12 100 1.03202 0.00539409
13 100 1.19828 0.00533251
14 100 1.05172 0.00341133
15 100 1.08045 0.00513614
16 100 1.22906 0.00831281
17 100 1.21429 0.00745074
18 100 1.133 0.00985222
19 100 1.44704 0.00950739
20 100 1.49877 0.00767241
21 100 1.21305 0.0144581
22 100 1.41502 0.011601
23 100 1.51847 0.0269951
24 100 1.61084 0.0215271
25 100 1.80911 0.0187192
26 100 1.74754 0.0238547
27 100 1.77956 0.030936
28 100 1.4399 0.0368154
29 100 1.83005 0.0323276
30 100 1.73645 0.0248645
31 100 1.72783 0.0190148
32 100 1.50739 0.0175369
33 100 1.633 0.0215887
34 100 1.70074 0.0164163
35 100 2.04926 0.0537931
36 100 2.09113 0.0283128
37 100 1.90025 0.0342734
38 100 1.96305 0.0391995
39 100 1.71059 0.0254803
40 100 2.44212 0.0366379
41 100 1.59975 0.0515887
42 100 2.59113 0.0266626
43 100 2.75493 0.0465148
44 100 1.98153 0.0357143
45 100 1.59606 0.0483005
46 100 2.3436 0.0584975
47 100 1.97291 0.0449631
48 100 2.39039 0.0216379
49 100 2.10591 0.05367
50 100 2.37485 0.0670037
51 100 2.07143 0.0574877
52 100 2.3399 0.0844951
53 100 2.05425 0.0635142
54 100 2.39039 0.0649138
55 100 1.97657 0.0753761
56 100 2.2688 0.0658446
57 100 4.14321 0.0800864
58 100 2.14074 0.0805185
59 100 2.32759 0.0766379
60 100 2.55857 0.0562022
61 100 3.12315 0.0769951
62 100 1.93905 0.0929229
63 100 1.9766 0.067266
64 100 2.33128 0.0629433
65 100 2.58323 0.0739951
66 100 2.16646 0.0881011
67 100 1.82882 0.110948
68 100 3.46798 0.115
69 100 3.36868 0.116486
70 100 3.47537 0.11585
71 100 4.21921 0.130751
72 100 1.79187 0.43814
73 100 3.45567 0.139101
74 100 3.41502 0.121835
75 100 2.9101 0.0723276
76 100 4.14655 0.207906
77 100 3.55665 0.140702
78 100 3.31281 0.119655
79 100 2.97534 0.109581
2 100 1.10099 0.00100985
3 100 0.990148 0.000652709
4 100 0.894089 0.000960591
5 100 1.03818 0.000899015
6 100 0.996305 0.00179803
7 100 1.07266 0.00174877
8 100 1.00862 0.00247537
9 100 1.04557 0.00181034
10 100 0.995074 0.00216749
11 100 1.03079 0.00188424
12 100 1.00493 0.00312808
13 100 1.15271 0.00541872
14 100 1.04803 0.00421182
15 100 1.09483 0.00455665
16 100 1.24754 0.00371921
17 100 1.14409 0.0030665
18 100 1.31897 0.013202
19 100 1.19828 0.0108374
20 100 1.45197 0.00859606
21 100 1.29557 0.00720443
22 100 1.38916 0.00855911
23 100 1.47414 0.0213916
24 100 1.35714 0.00668719
25 100 1.49303 0.0155387
26 100 1.57266 0.00599754
27 100 1.92857 0.0311453
28 100 1.52709 0.0238916
29 100 1.59729 0.0201847
30 100 1.67488 0.0175616
31 100 1.73522 0.0241133
32 100 1.61139 0.0202475
33 100 1.92241 0.0267488
34 100 1.77682 0.0283231
35 100 1.87315 0.0249877
36 100 1.96305 0.0261084
37 100 1.95567 0.0272291
38 100 2.0702 0.0535961
39 100 1.85661 0.0633745
40 100 2.25862 0.0566872
41 100 1.88547 0.047032
42 100 1.75616 0.034532
43 100 1.78695 0.0590271
44 100 2.15887 0.0456034
45 100 2.61827 0.0642553
46 100 3.19212 0.0781404
47 100 2.31404 0.0552586
48 100 2.22167 0.0465887
49 100 1.78941 0.0640517
50 100 2.16502 0.0526847
51 100 2.5197 0.0601601
52 100 2.06897 0.0680788
53 100 2.00493 0.261958
54 100 2.61453 0.0346059
55 100 1.93218 0.0322811
56 100 2.14673 0.0367201
57 100 3.49199 0.0519975
58 100 1.92385 0.0681149
59 100 2.8165 0.0678818
60 100 2.29064 0.104372
61 100 2.21552 0.095702
62 100 2.40691 0.0754254
63 100 2.87069 0.1117
64 100 2.2968 0.0710714
65 100 2.83005 0.146835
66 100 2.08128 0.178473
67 100 1.70567 0.400764
68 100 2.68719 0.137906
69 100 2.7697 0.0805296
70 100 2.91749 0.116946
71 100 2.88916 0.13931
72 100 2.58498 0.0982389
73 100 2.95443 0.181761
74 100 2.38916 0.142833
75 100 2.92365 0.104212
76 100 2.33251 0.0687192
77 100 3.28941 0.109655
78 100 3.31897 0.146059
79 100 3.41256 0.135911
80 100 2.87562 0.146379
81 100 1.81874 0.588274
82 100 2.91615 0.190888
83 100 3.26355 0.11149
84 100 2.07143 0.188916
85 100 3.49877 0.103461
86 100 3.52956 0.163978
87 100 3.6835 0.175025
88 100 2.83621 0.177254
89 100 3.76601 0.154126
90 100 6.29557 0.220714
91 100 2.59703 0.0974413
92 100 2.95068 0.162417
93 100 3.09852 0.126613
94 100 2.74261 0.102057
95 100 3.69951 0.271909
96 100 5.46921 0.1217
97 100 3.4569 0.261687
98 100 4.49507 0.226626
99 100 5.57389 0.178202
100 100 5.21702 0.257928
101 100 4.16872 0.121613
102 100 3.4254 0.159051
103 100 3.42857 0.141182
104 100 5.26017 0.241406
105 100 3.49799 0.199248
106 100 7.90382 0.318545
107 100 6.09729 0.394717
108 100 4.76695 0.128644
109 100 2.68681 0.0734032
110 100 5.01601 0.332143
111 100 7.30333 0.353366
112 100 2.4064 0.126256
113 100 3.33744 0.289384
114 100 5.99877 0.248866
115 100 6.00369 0.166786
116 100 2.53333 0.180593
117 100 4.08261 0.252836
118 100 3.62297 0.219351
119 100 4.39163 0.311047
120 100 3.74873 0.238744
121 100 4.24815 0.257605
122 100 3.94205 0.284081
123 100 5.00369 0.163966
124 100 4.31064 0.210507
125 100 3.89409 0.125111
126 100 5.03571 0.399766
127 100 4.45746 0.276054
128 100 3.97537 0.282438
129 100 6.18966 0.340308
130 100 4.18126 0.327805
131 100 6.76108 0.284975
132 100 6.16995 0.330419
133 100 5.18249 0.214587
134 100 7.72996 0.403428
135 100 9.16872 0.227771
136 100 5.5665 0.224865
137 100 4.41184 0.306116
138 100 4.12235 0.323221
139 100 3.65965 0.171931
140 100 7.49507 0.268966
141 100 4.8202 0.30702
142 100 4.57901 0.315346
143 100 6.68473 0.433953
144 100 4.41133 0.253732
145 100 6.96182 0.216379
146 100 2.81504 0.274242
147 100 8.76724 0.285333
148 100 10.4556 0.690247
149 100 5.43773 0.363366
150 100 5.88177 0.295739
151 100 8.56914 0.249259
152 100 4.05549 0.256239
153 100 3.76761 0.359988
154 100 10.8473 0.244397
155 100 8.22044 0.586022
156 100 4.94335 0.308227
157 100 3.46163 0.217946
158 100 6.0197 0.507722
159 100 6.95931 0.444279
160 100 5.24815 0.296
161 100 7.02709 0.240209
162 100 12.9347 0.288251
163 100 7.61282 0.240432
164 100 8.77094 0.549741
165 100 2.72843 0.259759
166 100 6.08744 0.321884
167 100 15.9963 0.503978
168 100 9.98399 0.354914
169 100 4.29433 0.46351
170 100 10.0247 0.268298
171 100 8.35837 0.247241
172 100 11.9618 0.581675
173 100 6.37562 0.321305
174 100 4.85961 0.378411
175 100 7.75246 1.29899
176 100 10.3017 0.336946
177 100 7.67734 0.427155
178 100 8.02713 0.44529
179 100 5.31975 0.527049
180 100 9.08889 0.412407
181 100 5.96917 0.311776
182 100 10.1245 0.437349
183 100 9.73276 0.538941
184 100 5.38804 0.288422
185 100 6.27318 0.427503
186 100 8.62315 0.324261
187 100 5.11837 0.474969
188 100 8.30049 0.641466
189 100 8.76232 0.607808
190 100 5.88903 0.522207
191 100 10.2626 0.424612
192 100 4.67698 0.396795
193 100 7.78325 1.05074
194 100 4.3058 0.974081
195 100 9.10754 0.485105
196 100 5.85697 0.462676
197 100 8.35185 0.469802
198 100 13.4982 0.508002
199 100 17.1071 1.06441
