2 100 1.00493 0.000628079 0.892857 5.93842
3 100 0.937192 0.000788177 1.4101 9.06527
4 100 0.869458 0.000652709 1.80419 11.3436
5 100 0.85468 0.000923645 2.15887 13.7611
6 100 0.794335 0.000763547 2.59483 16.0788
7 100 0.799261 0.001133 3.09113 19.3264
8 100 0.799261 0.000800493 3.24877 19.548
9 100 0.772167 0.000849754 3.70197 22.5099
10 100 0.768473 0.000972906 3.93473 24.4409
11 100 0.748768 0.00158867 4.59113 27.4126
12 100 0.768473 0.001133 4.81404 30.0246
13 100 0.761084 0.000997537 5.31897 31.6502
14 100 0.745074 0.00134236 5.59729 33.3485
15 100 0.802956 0.001367 5.8867 35.4064
16 100 0.78202 0.00214286 5.99754 36.3867
17 100 0.783251 0.00208128 6.38177 38.8498
18 100 0.796798 0.00232759 6.7266 40.7254
19 100 0.752463 0.00236453 6.93103 41.8165
20 100 0.783251 0.00256158 6.98892 43.7328
21 100 0.722906 0.00240148 7.5936 46.5616
22 100 0.757389 0.00256158 7.85345 46.952
23 100 0.754926 0.00286946 8.57143 51.4347
24 100 0.770936 0.0029064 8.47167 51.3916
25 100 0.731196 0.00293465 9.00247 54.0715
26 100 0.78202 0.00295567 8.91995 54.0283
27 100 0.726601 0.00321429 9.9064 59.7081
28 100 0.779557 0.00309113 9.65887 57.3239
29 100 0.721675 0.00331281 9.8202 60.8325
30 100 0.716749 0.00204433 9.72783 59.1416
31 100 0.75 0.00342365 10.5998 64.915
32 100 0.772167 0.00262315 10.5049 66.1835
33 100 0.720443 0.00165025 10.9113 66.5973
34 100 0.735222 0.0019335 12.0172 71.6133
35 100 0.783251 0.00187192 11.4286 71.0357
36 100 0.775309 0.00192593 12.337 77.421
37 100 0.732759 0.00195813 12.8079 77.4877
38 100 0.770936 0.00181034 12.7352 77.3547
39 100 0.714286 0.00374384 13.3424 79.9741
40 100 0.751232 0.00418719 13.9163 86.4483
41 100 0.721332 0.00483354 13.1677 81.5499
42 100 0.741379 0.00503695 14.8892 92.7771
43 100 0.685573 0.00466091 15.1208 93.344
44 100 0.73913 0.00485714 15.5503 96.1081
45 100 0.711823 0.00493842 15.0677 89.9015
46 100 0.713054 0.0035468 15.5406 92.9865
47 100 0.719212 0.00277094 16.6761 100.405
48 100 0.695813 0.0029064 16.2574 99.5887
49 100 0.788177 0.00215517 16.553 101.255
50 100 0.73399 0.00291872 16.9975 102.708
51 100 0.70197 0.00316502 17.6712 109.238
52 100 0.792848 0.00357583 16.8755 104.681
53 100 0.789409 0.00305419 17.2599 105.852
54 100 0.688424 0.00256158 17.5037 105.994
55 100 0.788177 0.00302956 18.0296 111.251
56 100 0.747537 0.00450739 18.5493 115.759
57 100 0.714286 0.00571429 19.6145 118.234
58 100 0.732759 0.00416256 20.0123 118.781
59 100 0.748768 0.00651478 20.1429 120.885
60 100 0.757389 0.0062931 20.0579 121.95
61 100 0.731527 0.00304187 18.7697 116.324
62 100 0.774353 0.00625154 20.9383 129.021
63 100 0.743108 0.00446115 20.2644 127.386
64 100 0.710591 0.00616995 21.9766 133.252
65 100 0.740148 0.00347291 21.7007 133.969
66 100 0.834975 0.00304187 21.3781 131.592
67 100 0.747226 0.00324291 20.9877 130.827
68 100 0.763547 0.00615764 22 136.006
69 100 0.714286 0.00751232 24.2365 147.539
70 100 0.753695 0.00729064 24.0246 144.541
71 100 0.733004 0.00728059 23.5946 143.436
72 100 0.719753 0.00753086 24.8753 149.098
73 100 0.790382 0.00736128 24.7522 152.977
74 100 0.821561 0.00768278 23.6914 145.553
75 100 0.777094 0.00789409 25.1576 154.486
76 100 0.748768 0.00752463 25.1539 153.664
77 100 0.770936 0.00746305 26.3522 162.552
78 100 0.71798 0.00598522 24.6121 156.863
79 100 0.780788 0.00450739 26.4015 156.82
80 100 0.754624 0.00832306 24.2343 156.383
81 100 0.716934 0.00833127 26.5871 166.965
82 100 0.775862 0.00770936 26.0837 165.433
83 100 0.713054 0.00454433 26.7869 162.746
84 100 0.754624 0.0040074 26.0715 157.951
85 100 0.756158 0.00495074 27.1441 164.453
86 100 0.722906 0.00853448 26.8522 164.72
87 100 0.851669 0.00948084 28.7194 173.434
88 100 0.738916 0.00950739 31.7007 192.388
89 100 0.756158 0.0095936 28.9692 175.798
90 100 0.759259 0.00934568 28.7827 176.288
91 100 0.782984 0.00926017 26.8212 162.63
92 100 0.737361 0.0100863 30.8557 191.396
93 100 0.692118 0.00740148 31.0185 187.803
94 100 0.719212 0.0044335 30.1293 182.527
95 100 0.918719 0.00915025 31.2032 191.874
96 100 0.786946 0.00990148 31.1958 194.49
97 100 0.752158 0.00979038 31.4488 190.494
98 100 0.855911 0.0102463 30.2512 182.978
99 100 0.766667 0.0116173 32.9148 207.437
100 100 0.822441 0.00979038 28.8841 186.97
101 100 0.738916 0.0102586 31.6158 195.686
102 100 0.783684 0.0106428 32.042 198.944
103 100 0.738594 0.0104439 31.979 196.864
104 100 0.779319 0.0100883 30.8588 196.445
105 100 0.820766 0.0104574 34.2398 212.939
106 100 0.715166 0.0107645 33.9457 213.92
107 100 0.801724 0.010899 33.6552 212.723
108 100 0.902469 0.00930864 32.0568 202.323
109 100 0.720443 0.00550493 34.0764 217.203
110 100 0.70936 0.00551724 34.1392 213.834
111 100 0.705665 0.0104064 33.4889 210.245
112 100 0.784483 0.0062069 33.2857 207.438
113 100 0.751545 0.00747837 33.4759 210.989
114 100 1.26017 0.00552404 33.9334 206.769
115 100 0.719212 0.0110099 36.6835 228.431
116 100 0.769136 0.012358 35.7568 227.988
117 100 0.81358 0.0125062 35.2296 222.991
118 100 0.746287 0.0128589 36.229 224.09
119 100 0.754321 0.0100123 37.0568 229.489
120 100 0.729064 0.0117857 36.7611 232.761
121 100 0.729064 0.0098399 37.101 228.014
122 100 0.76601 0.0114286 37.883 236.977
123 100 0.786946 0.0121798 35.7229 230.479
124 100 0.800505 0.0131187 35.7891 225.317
125 100 0.776819 0.0127867 37.815 236.899
126 100 0.816502 0.0129926 35.5628 231.302
127 100 0.85679 0.0143457 40.6272 255.395
128 100 0.756489 0.0136094 40.4672 253.314
129 100 1.91256 0.0129557 35.9089 228.595
130 100 0.749073 0.00929543 39.0346 239.323
131 100 0.907522 0.00790382 37.5154 227.414
132 100 0.770654 0.0131566 40.9593 251.316
133 100 0.932099 0.0142716 39.2148 231.528
134 100 0.759603 0.0135192 41.9145 254.885
135 100 0.72795 0.00956522 39.877 250.798
136 100 0.862069 0.0139409 39.569 244.054
137 100 0.746601 0.0130284 41.1075 260.517
138 100 1.35222 0.0120936 44.2365 268.291
139 100 0.848335 0.00816276 40.9322 255.018
140 100 1.0185 0.0139827 39.2096 243.982
141 100 0.784826 0.0153483 41.8595 252.449
142 100 0.721535 0.0141832 41.3738 263.481
143 100 0.775841 0.011071 41.4932 260.38
144 100 0.741337 0.00945545 42.2896 265.339
145 100 0.808168 0.0147649 42.3725 261.968
146 100 0.875616 0.0138424 39.7451 255.818
147 100 0.890123 0.0146667 44.0753 276.653
148 100 1.05419 0.0139532 42.7032 264.202
149 100 0.778325 0.0146921 45 284.564
150 100 0.757726 0.0159085 45.1842 281.311
151 100 0.745679 0.0160988 46.0802 286.367
152 100 1.02956 0.0166995 42.7291 276.755
153 100 1.07169 0.0104326 43.3424 256.993
154 100 0.853448 0.00823892 46.5788 289.872
155 100 0.82963 0.0148272 45.5284 286.352
156 100 0.810174 0.0154591 42.8871 273.241
157 100 0.755253 0.0160692 44.2077 282.697
158 100 1.1381 0.0151665 44.0666 277.381
159 100 0.768473 0.0105172 47.1564 297.099
160 100 0.701603 0.00907522 48.106 291.804
161 100 0.723798 0.0105919 47.0715 291.044
162 100 0.858374 0.0163916 44.7118 281.352
163 100 1.35961 0.0163547 43.835 279.745
164 100 2.0702 0.0175985 43.952 271.964
165 100 0.875616 0.015899 45.8818 291.853
166 100 0.840544 0.0173177 49.1298 307.518
167 100 1.08005 0.0168719 47.8916 289.882
168 100 0.800248 0.0160298 52.1898 317.22
169 100 0.790062 0.0095528 45.9665 294.13
170 100 0.747226 0.0161776 48.8274 302.591
171 100 0.809406 0.0174257 50.7772 317.83
172 100 1.06683 0.0186386 45.5359 282.593
173 100 0.776267 0.0128059 50.8121 320.135
174 100 2.18227 0.0161823 46.9778 294.034
175 100 1.7968 0.0135099 46.5813 297.486
176 100 0.844444 0.00866667 51.4284 322.198
177 100 0.832099 0.011963 48.4568 302.051
178 100 0.828183 0.0108776 49.2608 314.29
179 100 1.27497 0.00985203 47.4427 307.933
180 100 0.733004 0.0103585 51.6106 330.269
181 100 0.792848 0.0106412 48.529 308.885
182 100 0.812114 0.0188257 53.5278 341.445
183 100 0.832494 0.014597 50.5642 307.657
184 100 1.60422 0.0201737 45.5707 293.078
185 100 0.745342 0.0188696 54.8994 342.974
186 100 0.756824 0.0183871 52.5533 334.333
187 100 0.754624 0.0102713 53.8915 338.417
188 100 0.833744 0.0193473 51.7278 331.143
189 100 0.749377 0.0186908 51.6209 337.014
190 100 0.775713 0.0188971 51.7224 338.226
191 100 0.816919 0.0113763 51.7386 320.407
192 100 0.730532 0.0105068 55.9468 335.32
193 100 0.800259 0.00867704 48.4021 309.206
194 100 0.74476 0.0112454 53.2787 323.164
195 100 0.881773 0.0117365 55.3732 337.17
196 100 0.838471 0.018693 54.6893 342.217
197 100 0.827586 0.0105542 57.42 349.666
198 100 1.07768 0.0191862 52.7522 323.857
199 100 0.938119 0.0180322 51.7475 337.17
