2 25 1 0.000960591
3 25 1 0.000566502
4 25 1 0.000517241
5 25 1 0.000689655
6 25 1 0.000800493
7 25 1 0.000899015
8 25 1 0.000948276
9 25 1.00369 0.000997537
10 25 1 0.00103448
11 25 1.00123 0.00130542
12 25 1 0.00123153
13 25 1.00123 0.00126847
14 25 1.00123 0.00183498
15 25 1.00123 0.00128079
16 25 1.00123 0.00144089
17 25 1.00123 0.00160099
18 25 1 0.00205665
19 25 1 0.0020197
20 25 1.00246 0.00215517
21 25 1.00123 0.00165025
22 25 1.00123 0.00366995
23 25 1 0.00187192
24 25 1.00123 0.00116995
25 25 1.00123 0.00252463
26 25 1 0.0023399
27 25 1.00123 0.00275862
28 25 1.00616 0.00658867
29 25 1 0.00581281
30 25 1.01232 0.0105911
31 25 1.00123 0.00713054
32 25 1 0.0025
33 25 1.02463 0.00875616
34 25 1 0.00277094
35 25 1.00369 0.00719212
36 25 1.00985 0.00986453
37 25 1.00123 0.00731527
38 25 1.00739 0.0112315
39 25 1.00123 0.00355911
40 25 1.01724 0.00903941
41 25 1.01478 0.0117734
42 25 1.00493 0.00706897
43 25 1.00616 0.0164409
44 25 1.00985 0.0141749
45 25 1 0.00155172
46 25 1.02217 0.0196552
47 25 1.00493 0.01617
48 25 1 0.00342365
49 25 1.00369 0.00413793
50 25 1.00123 0.00530788
51 25 1 0.00474138
52 25 1 0.00365764
53 25 1.00123 0.015899
54 25 1.00246 0.00352217
55 25 1.01478 0.0231034
56 25 1.00616 0.0231773
57 25 1.00123 0.00359606
58 25 1.01724 0.0227709
59 25 1.00123 0.00391626
60 25 1.00123 0.00502463
61 25 1.02956 0.0553325
62 25 1.00123 0.00506158
63 25 1.01478 0.0287438
64 25 1.01108 0.0239901
65 25 1.00862 0.0212562
66 25 1.00123 0.0067734
67 25 1.00862 0.0328079
68 25 1.0234 0.0517365
69 25 1.00862 0.0176724
70 25 1.03325 0.04633
71 25 1.0431 0.0457389
72 25 1 0.00246305
73 25 1 0.0033867
74 25 1.00862 0.0311207
75 25 1.00123 0.00301724
76 25 1.00123 0.00365764
77 25 1.00123 0.00444581
78 25 1.00123 0.00378079
79 25 1.04064 0.024335
80 25 1.03448 0.0380419
81 25 1.00985 0.0331773
82 25 1.02586 0.0286823
83 25 1.0234 0.0333128
84 25 1.02709 0.0391995
85 25 1.02956 0.0345567
86 25 1 0.0035468
87 25 1.02217 0.044101
88 25 1.00616 0.0314901
89 25 1.00246 0.00501232
90 25 1 0.00814039
91 25 1.00123 0.015665
92 25 1.00862 0.0343842
93 25 1 0.00428571
94 25 1.00616 0.00934729
95 25 1.0234 0.0460961
96 25 1.03571 0.0971798
97 25 1.02709 0.0522414
98 25 1.01108 0.0446182
99 25 1 0.00403941
2 1 1 0.000197044
3 1 1.00617 0.000246609
4 1 1.00617 0.000271605
5 1 1.00369 0.000307882
6 1 1.00246 0.000221675
7 1 1 0.000246305
8 1 1.00123 0.000270936
9 1 1.00246 0.000406404
10 1 1 0.000517241
11 1 1 0.00144089
12 1 1.00123 0.000455665
13 1 1.00123 0.000357143
14 1 1.00123 0.000554187
15 1 1.00739 0.0014532
16 1 1.00123 0.000628079
17 1 1 0.00067734
18 1 1 0.000615764
19 1 1.01601 0.00278325
20 1 1.00123 0.000997537
21 1 1.0234 0.00550493
22 1 1.01108 0.00371921
23 1 1 0.000960591
24 1 1.01355 0.00336207
25 1 1.00862 0.00487685
26 1 1 0.00105911
27 1 1 0.00102217
28 1 1.00123 0.000837438
29 1 1.00123 0.00141626
30 1 1.00123 0.00142857
31 1 1.02463 0.00711823
32 1 1.0234 0.00679803
33 1 1.00123 0.00121921
34 1 1.01724 0.0062069
35 1 1.01724 0.00665025
36 1 1 0.00198276
37 1 1.03571 0.00950739
38 1 1.02709 0.0106158
39 1 1.01232 0.00272167
40 1 1.00246 0.00165025
41 1 1 0.000862069
42 1 1 0.00157635
43 1 1 0.00134236
44 1 1.00123 0.00214286
45 1 1 0.00160099
46 1 1 0.0028202
47 1 1.03941 0.0128941
48 1 1.00123 0.00147783
49 1 1.00369 0.0020197
50 1 1.00246 0.00246305
51 1 1 0.00232759
52 1 1 0.00204433
53 1 1.03941 0.0152463
54 1 1.00123 0.0023399
55 1 1 0.00245074
56 1 1.03448 0.0201847
57 1 1.05542 0.0187315
58 1 1.04433 0.0205542
59 1 1.0431 0.0209236
60 1 1.03325 0.0202463
61 1 1.06034 0.0239778
62 1 1.0234 0.0199754
63 1 1 0.00325123
64 1 1.03818 0.0209483
65 1 1.00123 0.00314039
66 1 1.0702 0.0265271
67 1 1 0.0037931
68 1 1.00123 0.00310345
69 1 1 0.00312808
70 1 1.00246 0.00422414
71 1 1.00123 0.00355911
72 1 1.0665 0.0331897
73 1 1 0.00364532
74 1 1.05788 0.0263054
75 1 1 0.00325123
76 1 1 0.0029064
77 1 1 0.0051601
78 1 1.00123 0.00396552
79 1 1 0.000726601
80 1 1.00123 0.00326355
81 1 1.08128 0.0402217
82 1 1.00123 0.00355911
83 1 1.09113 0.0362315
84 1 1.0936 0.0439778
85 1 1.08251 0.0468842
86 1 1.00985 0.0057266
87 1 1 0.003633
88 1 1.00246 0.00347291
89 1 1 0.00362069
90 1 1.00123 0.00383005
91 1 1 0.00333744
92 1 1.00123 0.00477833
93 1 1.00123 0.0048399
94 1 1.00369 0.00514778
95 1 1.00123 0.00666256
96 1 1 0.00544335
97 1 1.00123 0.00586207
98 1 1.06527 0.0509236
99 1 1 0.00608374
