2 5 1.052 9e-05 0.659 4.902
3 5 1.035 0.00011 0.663 4.949
4 5 1.061 0.00022 0.645 4.93
5 5 1.186 0.00033 0.667 5.107
6 5 1.303 0.00026 0.705 5.312
7 5 1.343 0.00018 0.705 5.391
8 5 1.288 0.00045 0.712 5.41
9 5 1.36 0.00051 0.676 5.224
10 5 1.488 0.00058 0.732 5.509
11 5 1.564 0.00068 0.737 5.512
12 5 1.579 0.00082 0.766 5.608
13 5 1.573 0.001 0.773 5.624
14 5 1.762 0.00087 0.735 5.669
15 5 1.855 0.00058 0.729 5.839
16 5 1.842 0.00097 0.743 5.611
17 5 1.532 0.0011 0.718 5.482
18 5 2.055 0.00121 0.772 5.971
19 5 1.62462 0.000803662 0.685656 5.50661
20 5 1.75 0.00066 0.749 5.583
21 5 2.171 0.00163 0.742 5.904
22 5 2.026 0.00162 0.795 5.922
23 5 2.12 0.0015 0.777 5.982
24 5 2.019 0.00087 0.769 5.877
25 5 2.193 0.00172 0.811 6.065
26 5 2.822 0.00196 0.771 6.179
27 5 2.828 0.00218 0.821 6.173
28 5 3.015 0.00117 0.838 6.308
29 5 2.702 0.00212 0.783 6.165
30 5 2.887 0.00214 0.752 6.16
31 5 2.851 0.00215 0.813 6.335
32 5 3.062 0.0015 0.852 6.267
33 5 2.52052 0.00127127 0.715716 5.86086
34 5 2.68104 0.00239719 0.778335 6.41123
35 5 3.463 0.00267 0.797 6.45
36 5 3.001 0.00239 0.771 6.261
37 5 3.115 0.00279 0.847 6.601
38 5 3.998 0.00245245 0.887888 6.6046
39 5 3.70741 0.00201403 0.802605 6.38878
40 5 3.422 0.00274 0.792 6.313
41 5 3.676 0.0032 0.899 6.917
42 5 3.379 0.00295 0.773 6.545
43 5 3.27154 0.00241483 0.793587 6.04208
44 5 3.524 0.00337 0.793 6.292
45 5 3.5501 0.00186373 0.853707 6.70741
46 5 4.125 0.0035 0.9 6.917
47 5 4.37275 0.00360721 0.803607 7.00802
48 5 5.42242 0.00345345 0.896897 6.76376
49 5 3.46747 0.00196196 0.851852 6.70671
50 5 4.91583 0.00204409 0.912826 7.17134
51 5 4.621 0.00266 0.921 7.292
52 5 4.391 0.00419 0.874 6.675
53 5 4.41441 0.00425425 0.840841 6.5996
54 5 4.14414 0.00432432 0.840841 6.64464
55 5 5.214 0.00381 0.872 6.97
56 5 3.93794 0.00219219 0.761762 6.46847
57 5 4.901 0.00455 0.82 6.958
58 5 5.34034 0.00508509 0.912913 6.72172
59 5 6.94885 0.00475426 0.891675 6.99198
60 5 5.36382 0.00457286 0.862312 7.01508
61 5 4.81463 0.00401804 0.812625 7
62 5 6.33667 0.00497996 0.911824 7.02605
63 5 5.36136 0.00521522 0.822823 6.78278
64 5 5.286 0.00522 0.851 6.617
65 5 5.31194 0.00549649 0.901705 7.16851
66 5 5.54354 0.00544545 0.902903 6.83083
67 5 5.9328 0.00437312 0.81344 7.23571
68 5 8.884 0.00274 0.854 7.518
69 5 4.805 0.00291 0.863 7.092
70 5 6.423 0.00575 0.781 6.93
71 5 5.65531 0.00597194 0.867735 7.0521
72 5 7.071 0.00564 0.862 6.946
73 5 7.3487 0.00352705 0.817635 7.32164
74 5 7.831 0.00315 0.913 7.401
75 5 7.235 0.00395 0.879 7.189
76 5 6.66166 0.00622623 0.882883 7.62863
77 5 7.22322 0.00660661 0.920921 7.53854
78 5 7.97497 0.00642643 0.850851 7.52553
79 5 6.76677 0.00647648 0.848849 7.23023
80 5 6.902 0.00623 0.912 6.969
81 5 9.91767 0.00548193 0.964859 7.58534
82 5 10.66 0.00677062 0.857143 8.01408
83 5 8.219 0.00729 0.884 7.242
84 5 9.74798 0.00700405 0.972672 7.55567
85 5 8.95395 0.00723724 0.7998 6.96096
86 5 8.706 0.00646 0.923 7.628
87 5 8.78979 0.0067968 0.818819 7.51752
88 5 5.82 0.00401 0.773 6.683
89 5 8.49598 0.00772088 0.841365 7.42771
90 5 10.0711 0.00721722 0.798799 7.79079
91 5 7.494 0.00782 0.842 7.131
92 5 8.38917 0.00702106 0.855567 7.29288
93 5 10.931 0.00446 0.942 7.314
94 5 10.5481 0.00614228 0.858717 7.53607
95 5 9.01002 0.00533066 0.988978 7.63126
96 5 9.52906 0.00802605 0.812625 7.06713
97 5 7.82146 0.00486459 0.958877 7.70411
98 5 10.1593 0.00863727 0.877756 7.76653
99 5 7.68068 0.00834835 0.798799 7.35135
100 5 13.565 0.00468 0.786 7.938
101 5 8.28758 0.00571142 0.847695 7.46092
102 5 14.924 0.00621 0.93 7.862
103 5 11.9268 0.00750251 0.879639 7.37212
104 5 9.9049 0.00873874 0.884885 7.84785
105 5 10.7164 0.00834669 0.874749 7.76353
106 5 8.23524 0.00871872 0.932933 7.44044
107 5 13.6062 0.00949648 0.912387 7.85297
108 5 9.12813 0.00900901 0.884885 7.34334
109 5 12.4188 0.00926854 0.813627 7.7515
110 5 9.02414 0.00969819 0.852113 7.60664
111 5 16.7761 0.0105066 0.851064 8.22898
112 5 10.841 0.00971831 0.923541 7.71831
113 5 12.0622 0.0097994 0.997994 7.68907
114 5 15.0514 0.0102621 0.883065 8.12097
115 5 12.3273 0.0103827 0.876133 7.97281
116 5 11.3078 0.0104036 0.861756 7.71544
117 5 12.9459 0.0103804 0.884885 7.8969
118 5 10.9026 0.010241 0.861446 7.50703
119 5 14.3884 0.0102102 0.942943 8.35435
120 5 14.1513 0.0104409 0.882766 8.31563
121 5 14.29 0.00971803 0.91138 7.92346
122 5 11.509 0.0107816 0.908818 7.2014
123 5 16.629 0.01156 0.922 7.925
124 5 11.1846 0.0108124 0.89669 7.7322
125 5 15.441 0.00799 0.851 8.274
126 5 14.1151 0.010951 0.828829 8.16016
127 5 16.0341 0.0110732 0.829488 7.84754
128 5 16.8204 0.0109183 0.902119 8.25832
129 5 15.8893 0.0118985 0.963452 8.32386
130 5 12.7179 0.0115261 0.873494 7.58635
131 5 16.4354 0.00866867 0.967968 8.26727
132 5 18.6269 0.0123771 0.977934 8.3661
133 5 16.4414 0.0117217 0.951952 7.996
134 5 17.749 0.0115 0.863 7.7
135 5 18.8026 0.0131275 0.817814 8.13563
136 5 16.1011 0.0126527 0.807808 7.51952
137 5 16.8659 0.0118919 0.961962 8.12813
138 5 15.0321 0.0121866 0.917753 8.40822
139 5 15.7417 0.00880881 0.963964 8.27127
140 5 15.5335 0.00870871 0.742743 7.46647
141 5 20.275 0.01295 0.878 8.068
142 5 13.4438 0.0123594 0.924699 7.61044
143 5 17.548 0.01331 0.976 7.962
144 5 17.8097 0.012578 0.869084 8.3565
145 5 19.2296 0.00863041 1.01813 8.50151
146 5 22.762 0.01312 0.894 7.903
147 5 17.3726 0.00827795 0.943605 8.02115
148 5 18.6034 0.0136428 0.843592 8.26539
149 5 19.5398 0.0141591 0.765358 7.99194
150 5 15.9815 0.0088809 0.827515 8.03491
151 5 19.2367 0.0138469 0.946626 8.05942
152 5 20.9459 0.0140841 0.878879 8.15916
153 5 19.5283 0.0139394 0.935354 8.03939
154 5 17.9899 0.0138492 0.944724 7.96583
155 5 18.1542 0.0142442 0.946947 8.28829
156 5 26.5446 0.0135206 0.889669 8.11836
157 5 20.3246 0.0137976 0.938878 7.87475
158 5 23.7239 0.0153012 0.807229 8.14859
159 5 32.02 0.0145345 0.861862 8.30731
160 5 18.8444 0.0153614 0.850402 8.21084
161 5 15.3515 0.00993958 0.866062 7.63243
162 5 19.995 0.0140241 0.864185 8.05332
163 5 23.3427 0.0154335 0.948589 7.7752
164 5 24.9398 0.0158275 0.851555 8.12437
165 5 15.0695 0.0156596 1.00705 8.54783
166 5 23.3845 0.0149699 0.819277 8.67369
167 5 26.7312 0.0120562 0.952859 7.78235
168 5 22.048 0.01173 0.788 7.894
169 5 24.6014 0.0153213 1.01305 8.85643
170 5 20.7061 0.0158877 0.860582 8.26179
171 5 25.0281 0.0163727 0.871743 7.9509
172 5 20.9062 0.0149194 0.966734 8.51714
173 5 18.3354 0.016202 0.855556 8.42424
174 5 21.5248 0.0155319 0.819656 8.4458
175 5 18.3168 0.0168426 0.863959 7.81827
176 5 19.8203 0.0129746 0.88731 7.90355
177 5 22.3193 0.0160743 0.889558 8.16365
178 5 32.8368 0.0161261 0.794795 7.97097
179 5 31.2896 0.0167234 0.784569 7.69138
180 5 23.337 0.0175827 0.91675 8.12036
181 5 31.7106 0.017005 0.770854 8.6603
182 5 25.4715 0.012185 0.86687 8.25
183 5 19.267 0.00941 0.858 7.833
184 5 21.7585 0.00988978 1.01703 7.87876
185 5 18.505 0.0184577 0.778226 7.91734
186 5 21.4343 0.0177031 0.806419 8.54764
187 5 36 0.0115315 0.750751 7.83684
188 5 33.9099 0.0166967 0.894895 7.7958
189 5 21.3213 0.0182883 0.935936 8.4014
190 5 24.0711 0.0164364 0.878879 8.02102
191 5 27.0472 0.0105226 0.820101 8.21206
192 5 17.5717 0.0118455 0.944835 8.54463
193 5 33.2681 0.0209538 0.789157 7.90462
194 5 28.1776 0.0185873 0.789102 7.80323
195 5 26.4274 0.0188589 0.854855 7.84685
196 5 28.6354 0.0152467 1.02316 8.52769
197 5 18.8517 0.0144689 0.771543 8.05311
198 5 22.496 0.018494 0.800201 7.33635
199 5 36.6469 0.0192254 0.910463 8.43964
