2 5 1.021 0.00011 0.654 4.875
3 5 1.041 0.00016 0.653 4.919
4 5 1.091 0.00024 0.653 5.152
5 5 1.179 0.00025 0.667 5.255
6 5 1.167 0.00025 0.619 4.922
7 5 1.224 0.00045 0.685 5.293
8 5 1.326 0.00055 0.66 5.321
9 5 1.412 0.00051 0.652 5.417
10 5 1.421 0.00052 0.707 5.466
11 5 1.504 0.0005 0.673 5.537
12 5 1.548 0.00082 0.71 5.614
13 5 1.702 0.00093 0.677 5.637
14 5 1.617 0.00096 0.677 5.621
15 5 1.65 0.00103 0.697 5.756
16 5 1.707 0.0011 0.679 5.56
17 5 1.993 0.00106 0.677 6.022
18 5 1.923 0.00121 0.705 5.94
19 5 2.099 0.00136 0.697 5.815
20 5 1.955 0.00128 0.727 5.914
21 5 2.07407 0.00172172 0.683684 5.81682
22 5 2.093 0.00153 0.688 5.846
23 5 2.081 0.00185 0.735 6.168
24 5 2.08 0.00153 0.703 5.982
25 5 2.431 0.00094 0.708 6.074
26 5 2.155 0.00157 0.694 6.034
27 5 2.147 0.00188 0.687 5.873
28 5 2.294 0.00188 0.709 5.879
29 5 2.83984 0.00212212 0.707708 6.26727
30 5 2.94394 0.00224224 0.680681 6.62362
31 5 2.706 0.00203 0.671 6.323
32 5 2.972 0.00216 0.68 6.478
33 5 2.935 0.00247 0.715 6.419
34 5 2.926 0.00268 0.71 6.446
35 5 3.02002 0.00263263 0.6997 6.3013
36 5 3.275 0.00265 0.699 6.31
37 5 3.27828 0.00203203 0.715716 6.48448
38 5 3.073 0.00277 0.726 6.447
39 5 3.02703 0.00298298 0.726727 6.46146
40 5 3.325 0.00309 0.681 6.566
41 5 4.09309 0.0031031 0.687688 6.66767
42 5 3.745 0.00267 0.696 6.652
43 5 3.82983 0.00302302 0.677678 6.68268
44 5 4.35536 0.00343343 0.750751 6.93493
45 5 3.52 0.00251 0.744 6.567
46 5 4.332 0.00322 0.716 6.438
47 5 5.23046 0.00355711 0.688377 7.25551
48 5 3.975 0.00356 0.696 6.916
49 5 4.88277 0.00408818 0.698397 7.21343
50 5 4.663 0.00383 0.694 6.639
51 5 4.33601 0.00376128 0.727182 6.70311
52 5 3.961 0.00418 0.734 6.885
53 5 4.51852 0.00417417 0.737738 7.0971
54 5 5.90653 0.00439196 0.701508 7.10955
55 5 4.629 0.00429 0.704 7.087
56 5 4.90891 0.00431431 0.673674 7.12813
57 5 5.13139 0.00478435 0.716148 7.23872
58 5 4.85657 0.00445336 0.7001 7.06219
59 5 5.16 0.00426 0.679 7.218
60 5 6.10611 0.00344344 0.71972 6.78178
61 5 4.6998 0.00507028 0.710843 7.30723
62 5 6.247 0.00483 0.658 7.329
63 5 4.551 0.00514 0.751 6.607
64 5 5.045 0.00498 0.752 7.042
65 5 7.14815 0.00556557 0.716717 7.26927
66 5 4.89279 0.00473948 0.700401 7.12325
67 5 7.19 0.00536 0.695 7.235
68 5 6.758 0.00357 0.807 7.105
69 5 7.29429 0.00412412 0.674675 7.20721
70 5 5.446 0.00344 0.772 6.873
71 5 7.015 0.00369 0.754 7.104
72 5 7.023 0.00598 0.673 7.001
73 5 7.72545 0.00556112 0.724449 7.42585
74 5 6.43976 0.0060241 0.624498 7.44478
75 5 5.3517 0.00623246 0.712425 7.41884
76 5 7.90672 0.0063992 0.754263 7.68907
77 5 6.385 0.00637 0.74 7.098
78 5 5.742 0.00625 0.69 7.407
79 5 6.241 0.00634 0.703 7.521
80 5 7.15916 0.00605606 0.706707 6.98799
81 5 6.10632 0.00684052 0.707121 7.19759
82 5 7.866 0.00708 0.704 7.248
83 5 10.9187 0.00678715 0.722892 7.68072
84 5 8.46547 0.00567568 0.684685 7.27828
85 5 6.81281 0.00671672 0.746747 7.53353
86 5 8.108 0.00683 0.732 7.215
87 5 6.631 0.00759 0.731 7.391
88 5 8.363 0.00703 0.749 7.554
89 5 9.85886 0.00712713 0.6997 7.69169
90 5 9.12676 0.00701207 0.699195 7.38632
91 5 8.83956 0.00514632 0.730575 7.72048
92 5 8.082 0.00403 0.667 7.576
93 5 10.142 0.00484 0.643 7.599
94 5 9.167 0.00743 0.751 7.888
95 5 9.027 0.00821 0.679 7.746
96 5 10.255 0.0082 0.663 7.78
97 5 9.09438 0.00851406 0.706827 7.68775
98 5 11.5076 0.00827795 0.734139 8.08862
99 5 9.43202 0.00840886 0.774421 7.52467
100 5 9.76453 0.00795591 0.755511 7.39178
101 5 8.09118 0.00892786 0.669339 7.21042
102 5 11.6597 0.00848849 0.684685 8.09009
103 5 10.5886 0.00524525 0.695696 7.43043
104 5 11.085 0.00871 0.709 8.15
105 5 10.5726 0.00920363 0.75504 7.50907
106 5 11.999 0.00849549 0.693079 7.65998
107 5 11.592 0.0088 0.716 7.796
108 5 11.4859 0.00767137 0.679435 7.9748
109 5 8.453 0.00969 0.713 7.325
110 5 11.7087 0.0093246 0.717742 7.48286
111 5 16.6697 0.00988989 0.772773 7.51752
112 5 14.0534 0.0099496 0.65121 8.54839
113 5 15.0591 0.0101102 0.715431 7.6503
114 5 13.6757 0.0102316 0.664653 8.23162
115 5 11.6636 0.010101 0.7 7.81313
116 5 12.5115 0.0097998 0.677678 8.3023
117 5 11.4679 0.010241 0.655622 7.87249
118 5 12.5465 0.00978979 0.702703 7.90891
119 5 13.0842 0.0100701 0.668337 7.71643
120 5 16.8322 0.0107638 0.683417 8.2191
121 5 12.9589 0.0107515 0.661323 8.10521
122 5 14.6867 0.0106627 0.698795 8.35843
123 5 15.5092 0.0113238 0.702648 7.98676
124 5 13.2457 0.0104532 0.603223 7.85901
125 5 14.0281 0.0109419 0.634269 7.68236
126 5 16.2867 0.0106338 0.645875 7.99799
127 5 16.0612 0.0114056 0.661647 8.16365
128 5 19.1937 0.0100303 0.628658 7.93138
129 5 13.622 0.01152 0.705 8.043
130 5 15.9449 0.0113313 0.720721 8.22623
131 5 16.4323 0.0119157 0.634905 8.14343
132 5 15.5812 0.0121042 0.630261 7.97194
133 5 11.5892 0.0113327 0.651303 8.06914
134 5 15.7535 0.0117134 0.699399 8.08717
135 5 15.8365 0.00789368 0.749248 7.79438
136 5 14.8098 0.0123423 0.647648 8.14214
137 5 16.2933 0.0121121 0.720721 8.15015
138 5 17.1506 0.0118675 0.728916 7.93474
139 5 14.6255 0.0103313 0.686747 7.92771
140 5 20.8377 0.0121142 0.586172 8.17936
141 5 14.608 0.01246 0.623 7.706
142 5 11.4895 0.0124674 0.765296 7.74925
143 5 21.5982 0.012996 0.648297 8.56413
144 5 17.6905 0.00850806 0.737903 7.9869
145 5 16.6449 0.0141825 0.735206 8.27583
146 5 18.7487 0.0128442 0.765829 8.33467
147 5 12.0452 0.0131558 0.709548 7.92261
148 5 18.3323 0.013434 0.75428 7.98792
149 5 18.5829 0.0135176 0.694472 8.13769
150 5 21.9528 0.0140603 0.690452 8.4
151 5 20.4733 0.0140666 0.772957 8.27952
152 5 19.506 0.0137475 0.685371 7.71142
153 5 18.4459 0.0149039 0.719919 8.34681
154 5 13.244 0.01058 0.656 8.246
155 5 29.1968 0.0151104 0.694779 8.23896
156 5 20.007 0.0146647 0.630631 8.1021
157 5 17.6268 0.0156288 0.706897 8.19878
158 5 23.8345 0.015116 0.664985 8.2331
159 5 20.551 0.01475 0.71 8.178
160 5 18.657 0.01499 0.661 8.324
161 5 26.387 0.01459 0.701 8.712
162 5 19.3306 0.0162802 0.739919 8.18246
163 5 20.0091 0.0153179 0.739657 8.12412
164 5 25.7855 0.0157301 0.724068 8.35448
165 5 10.9022 0.0147177 0.729839 7.93044
166 5 18.9858 0.0156218 0.689585 8.1001
167 5 20.3673 0.0152472 0.709384 7.59839
168 5 18.2635 0.00986974 0.643287 8.31764
169 5 19.8118 0.0155455 0.777778 8.14314
170 5 31.6052 0.0152405 0.604208 8.48798
171 5 24.4183 0.0159778 0.701613 8.60282
172 5 33.5 0.0164575 0.722672 7.98785
173 5 28.3805 0.0178414 0.720884 7.95181
174 5 26.5326 0.0161785 0.628887 8.22869
175 5 18.5163 0.0166224 0.742857 8.00102
176 5 18.5125 0.0165465 0.720721 7.98198
177 5 22.049 0.01585 0.757 8.09
178 5 19.0675 0.0133367 0.689516 7.76613
179 5 30.8567 0.0163226 0.761523 7.9489
180 5 16.1433 0.0149299 0.781563 7.91784
181 5 25.8158 0.0167206 0.648785 8.3087
182 5 23.8116 0.0188076 0.815631 7.71543
183 5 29.6079 0.0175153 0.670061 8.97251
184 5 24.5799 0.017005 0.712563 7.78995
185 5 28.12 0.01703 0.69 8.595
186 5 19.7808 0.0186186 0.63964 8.67367
187 5 24.4036 0.016998 0.720884 8.17771
188 5 23.9296 0.0178392 0.60402 7.68744
189 5 31.0784 0.0198794 0.626131 7.97286
190 5 26.3844 0.0196096 0.673674 8.46647
191 5 31.4014 0.018271 0.645096 7.88372
192 5 19.5467 0.018392 0.690452 7.83618
193 5 27.696 0.0178182 0.69899 8.40909
194 5 34.8147 0.0192447 0.700906 8.33938
195 5 22.3199 0.0178773 0.742455 8.23239
196 5 35.5756 0.0202402 0.593594 8.8008
197 5 26.233 0.01514 0.694 8.4
198 5 25.1347 0.0180201 0.750754 9.13166
199 5 18.6376 0.0184137 0.736948 8.48494
