13 100
15 100
15 100
12 100
2 100
15 100
6 100
4 100
9 100
15 100
7 100
10 100
1 100
14 100
5 100
3 100
6 100
5 100
10 100
12 100
10 100
6 100
2 100
9 100
7 100
14 100
14 100
9 100
10 100
4 100
12 100
7 100
10 100
4 100
10 100
12 100
3 100
1 100
7 100
11 100
7 100
13 100
13 100
14 100
11 100
9 100
9 100
8 100
5 100
3 100
12 100
14 100
15 100
5 100
8 100
6 100
3 100
13 100
6 100
4 100
1 100
10 100
2 100
3 100
13 100
4 100
14 100
7 100
11 100
5 100
9 100
2 100
10 100
6 100
8 100
5 100
14 100
1 100
5 100
4 100
10 100
1 100
9 100
9 100
12 100
8 100
6 100
15 100
5 100
4 100
10 100
13 100
13 100
12 100
15 100
10 100
15 100
13 100
8 100
10 100
