54 0.01000000000000 1 1
52 0.01000000000000 1 1
53 0.01000000000000 1 1
55 0.01000000000000 0 0
49 0.01000000000000 1 2
48 0.01000000000000 1 2
22 0.01000000000000 0 0
57 0.01000000000000 0 0
47 0.01000000000000 1 2
14 0.01000000000000 0 6
15 0.01000000000000 0 5
58 0.00000000000000 0 0
55 0.01000000000000 1 3
31 0.01000000000000 1 7
50 0.01000000000000 1 2
54 0.01000000000000 1 3
50 0.01000000000000 1 3
49 0.00000000000000 0 1
47 0.01000000000000 1 4
57 0.01000000000000 1 3
29 0.01000000000000 1 7
51 0.01000000000000 1 3
52 0.01000000000000 1 3
51 0.01000000000000 1 1
53 0.01000000000000 1 3
48 0.00000000000000 0 1
35 0.01000000000000 1 6
56 0.01000000000000 1 3
12 0.01000000000000 1 11
11 0.01000000000000 1 11
24 0.01000000000000 1 8
5 0.00000000000000 0 13
16 0.00000000000000 0 5
21 0.00000000000000 0 0
3 0.00000000000000 0 12
12 0.01000000000000 0 8
58 0.01000000000000 0 0
46 0.01000000000000 1 2
56 0.01000000000000 0 0
7 0.01000000000000 1 12
26 0.00000000000000 0 5
6 0.01000000000000 1 12
20 0.00000000000000 0 7
2 0.00000000000000 0 12
33 0.01000000000000 1 6
15 0.01000000000000 1 10
5 0.01000000000000 1 13
23 0.01000000000000 1 8
30 0.01000000000000 1 7
45 0.01000000000000 1 5
14 0.01000000000000 1 10
18 0.01000000000000 1 10
25 0.01000000000000 1 8
42 0.01000000000000 1 5
39 0.01000000000000 1 6
44 0.01000000000000 1 5
22 0.01000000000000 1 9
21 0.00000000000000 0 7
46 0.01000000000000 1 4
9 0.01000000000000 1 12
43 0.01000000000000 1 5
4 0.01000000000000 1 14
37 0.01000000000000 1 6
28 0.00000000000000 0 5
16 0.01000000000000 1 10
10 0.00000000000000 0 9
38 0.01000000000000 1 6
13 0.01000000000000 1 11
32 0.01000000000000 1 7
36 0.01000000000000 1 6
1 0.00000000000000 0 12
27 0.00000000000000 0 5
8 0.01000000000000 1 12
41 0.01000000000000 1 5
47 0.01000000000000 1 4
34 0.01000000000000 1 6
40 0.00000000000000 0 3
19 0.00000000000000 0 5
17 0.01000000000000 1 10
53 0.03000000000000 1 3
57 0.03000000000000 0 0
58 0.02000000000000 0 0
56 0.02000000000000 0 0
54 0.01000000000000 0 0
121 0.01000000000000 0 0
120 0.01000000000000 0 0
119 0.01000000000000 0 0
118 0.01000000000000 0 0
55 0.03000000000000 0 0
117 0.01000000000000 0 0
24 0.05000000000000 1 1
22 0.05000000000000 1 2
179 0.01000000000000 0 0
182 0.01000000000000 0 0
175 0.02000000000000 0 0
180 0.02000000000000 0 0
123 0.04000000000000 0 1
122 0.03000000000000 0 1
181 0.02000000000000 0 0
177 0.02000000000000 0 0
181 0.03000000000000 0 1
188 0.02000000000000 0 0
186 0.02000000000000 0 0
185 0.01000000000000 0 0
178 0.02000000000000 0 0
184 0.00000000000000 0 0
183 0.06000000000000 1 4
182 0.06000000000000 1 4
176 0.02000000000000 0 0
187 0.02000000000000 0 1
180 0.03000000000000 0 1
189 0.03000000000000 0 1
188 0.02000000000000 0 1
187 0.02000000000000 0 0
198 0.02000000000000 0 1
199 0.03000000000000 0 1
195 0.02000000000000 0 1
193 0.06000000000000 1 5
194 0.01000000000000 0 1
197 0.03000000000000 0 1
193 0.03000000000000 0 2
191 0.03000000000000 0 2
194 0.04000000000000 0 3
195 0.04000000000000 0 3
156 0.06000000000000 0 6
94 0.05000000000000 0 9
42 0.03000000000000 1 23
14 0.04000000000000 1 25
77 0.06000000000000 0 11
12 0.04000000000000 1 25
103 0.02000000000000 0 8
15 0.04000000000000 1 25
86 0.04000000000000 0 9
7 0.03000000000000 1 25
34 0.04000000000000 1 24
90 0.04000000000000 0 9
68 0.03000000000000 0 10
100 0.09000000000000 1 12
40 0.03000000000000 1 22
44 0.05000000000000 1 23
98 0.09000000000000 1 12
80 0.03000000000000 0 8
71 0.05000000000000 0 10
36 0.06000000000000 1 24
196 0.04000000000000 0 1
13 0.05000000000000 1 25
132 0.05000000000000 0 6
105 0.04000000000000 0 8
87 0.05000000000000 0 9
72 0.05000000000000 0 10
172 0.06000000000000 0 4
76 0.06000000000000 0 10
185 0.05000000000000 0 3
59 0.05000000000000 0 11
41 0.03000000000000 1 22
23 0.08000000000000 1 26
155 0.07000000000000 0 6
180 0.05000000000000 0 3
179 0.04000000000000 0 3
118 0.05000000000000 0 7
3 0.03000000000000 1 24
38 0.08000000000000 1 25
28 0.03000000000000 1 24
18 0.05000000000000 1 25
123 0.06000000000000 0 7
160 0.02000000000000 0 2
117 0.05000000000000 0 7
183 0.05000000000000 0 3
192 0.04000000000000 0 1
194 0.06000000000000 0 2
159 0.10000000000000 1 8
166 0.06000000000000 0 4
109 0.08000000000000 0 9
128 0.04000000000000 0 5
144 0.10000000000000 1 9
119 0.06000000000000 0 7
26 0.04000000000000 1 23
21 0.07000000000000 1 26
177 0.10000000000000 1 7
75 0.07000000000000 0 10
130 0.04000000000000 0 6
65 0.10000000000000 1 14
134 0.06000000000000 0 6
4 0.04000000000000 1 24
126 0.04000000000000 0 5
31 0.06000000000000 1 24
114 0.05000000000000 0 7
176 0.10000000000000 1 7
158 0.10000000000000 1 8
113 0.05000000000000 0 7
152 0.06000000000000 0 5
47 0.06000000000000 1 23
39 0.04000000000000 1 22
140 0.08000000000000 0 7
154 0.07000000000000 0 5
125 0.09000000000000 0 8
57 0.06000000000000 0 11
63 0.08000000000000 0 12
157 0.10000000000000 1 8
24 0.10000000000000 1 26
96 0.10000000000000 0 10
187 0.08000000000000 0 3
149 0.06000000000000 0 5
167 0.07000000000000 0 4
30 0.06000000000000 1 24
178 0.05000000000000 0 2
138 0.09000000000000 0 7
150 0.07000000000000 0 5
173 0.08000000000000 0 5
107 0.07000000000000 0 8
182 0.07000000000000 0 3
55 0.07000000000000 0 11
32 0.07000000000000 1 24
170 0.08000000000000 0 4
184 0.07000000000000 0 3
60 0.08000000000000 0 11
193 0.05000000000000 0 2
192 0.07000000000000 0 2
67 0.04000000000000 0 8
73 0.07000000000000 0 10
8 0.06000000000000 1 25
85 0.07000000000000 0 9
127 0.05000000000000 0 5
171 0.08000000000000 0 4
135 0.07000000000000 0 6
112 0.05000000000000 0 6
19 0.07000000000000 1 25
188 0.08000000000000 0 3
136 0.08000000000000 0 6
46 0.08000000000000 1 23
11 0.08000000000000 1 25
82 0.06000000000000 0 9
175 0.11000000000000 0 5
129 0.06000000000000 0 5
124 0.09000000000000 0 7
48 0.08000000000000 1 23
1 0.05000000000000 1 23
66 0.12000000000000 1 14
116 0.07000000000000 0 7
69 0.07000000000000 0 10
84 0.08000000000000 0 9
164 0.08000000000000 0 4
29 0.07000000000000 1 24
151 0.08000000000000 0 5
110 0.11000000000000 0 9
121 0.08000000000000 0 7
181 0.08000000000000 0 3
61 0.10000000000000 0 12
20 0.08000000000000 1 25
10 0.07000000000000 1 25
62 0.10000000000000 0 12
83 0.07000000000000 0 9
97 0.11000000000000 0 10
92 0.08000000000000 0 9
33 0.08000000000000 1 24
35 0.09000000000000 1 24
37 0.10000000000000 1 25
168 0.08000000000000 0 4
74 0.08000000000000 0 10
95 0.11000000000000 0 10
27 0.07000000000000 1 24
50 0.06000000000000 0 9
190 0.13000000000000 1 6
148 0.08000000000000 0 5
93 0.10000000000000 0 9
163 0.07000000000000 0 4
131 0.08000000000000 0 6
186 0.09000000000000 0 3
89 0.09000000000000 0 9
9 0.08000000000000 1 25
189 0.13000000000000 1 6
146 0.07000000000000 0 4
153 0.10000000000000 0 5
91 0.09000000000000 0 9
104 0.08000000000000 0 8
79 0.07000000000000 0 8
54 0.08000000000000 0 11
162 0.07000000000000 0 3
145 0.06000000000000 0 3
115 0.08000000000000 0 7
141 0.12000000000000 0 7
120 0.09000000000000 0 7
101 0.07000000000000 0 7
174 0.11000000000000 0 5
111 0.14000000000000 1 11
56 0.10000000000000 0 11
6 0.09000000000000 1 25
5 0.08000000000000 1 25
1 0.06000000000000 1 2
70 0.09000000000000 0 10
12 0.04000000000000 0 10
8 0.04000000000000 0 12
45 0.10000000000000 1 23
45 0.04000000000000 0 3
11 0.04000000000000 0 11
46 0.04000000000000 0 3
2 0.07000000000000 1 23
143 0.15000000000000 1 9
23 0.04000000000000 0 7
137 0.13000000000000 0 7
50 0.04000000000000 0 2
81 0.09000000000000 0 8
17 0.04000000000000 0 9
29 0.04000000000000 0 6
22 0.13000000000000 1 26
56 0.04000000000000 0 0
195 0.11000000000000 0 2
16 0.04000000000000 0 9
49 0.04000000000000 0 2
49 0.09000000000000 1 21
43 0.12000000000000 1 23
22 0.05000000000000 0 7
40 0.04000000000000 0 4
16 0.12000000000000 1 25
10 0.04000000000000 0 11
3 0.04000000000000 1 26
147 0.10000000000000 0 4
78 0.14000000000000 0 11
2 0.04000000000000 1 26
1 0.04000000000000 1 26
17 0.12000000000000 1 25
48 0.04000000000000 0 2
51 0.10000000000000 0 10
39 0.03000000000000 0 4
99 0.16000000000000 1 12
9 0.04000000000000 0 11
25 0.09000000000000 1 22
165 0.12000000000000 0 4
7 0.03000000000000 0 12
108 0.14000000000000 0 9
28 0.03000000000000 0 6
161 0.09000000000000 0 2
20 0.03000000000000 0 7
34 0.03000000000000 0 5
15 0.03000000000000 0 9
33 0.04000000000000 0 5
27 0.04000000000000 0 6
26 0.03000000000000 0 6
6 0.03000000000000 1 25
14 0.03000000000000 0 9
52 0.03000000000000 0 1
18 0.03000000000000 0 8
25 0.03000000000000 0 6
38 0.04000000000000 0 4
55 0.03000000000000 0 0
32 0.03000000000000 0 5
64 0.16000000000000 1 14
139 0.15000000000000 0 7
5 0.03000000000000 1 25
191 0.11000000000000 0 1
31 0.03000000000000 0 5
19 0.03000000000000 0 8
43 0.03000000000000 0 3
37 0.03000000000000 0 4
4 0.08000000000000 1 26
42 0.03000000000000 0 3
36 0.08000000000000 0 5
35 0.08000000000000 0 5
30 0.08000000000000 0 6
24 0.08000000000000 0 7
142 0.17000000000000 1 9
54 0.07000000000000 0 1
47 0.07000000000000 0 3
53 0.07000000000000 0 1
88 0.13000000000000 0 9
107 0.03000000000000 0 0
41 0.07000000000000 0 4
169 0.14000000000000 0 4
53 0.13000000000000 0 11
52 0.13000000000000 0 11
21 0.07000000000000 0 7
122 0.14000000000000 0 7
44 0.04000000000000 0 3
13 0.08000000000000 0 10
157 0.05000000000000 1 1
165 0.04000000000000 0 0
102 0.13000000000000 0 8
163 0.03000000000000 0 0
164 0.03000000000000 0 0
159 0.01000000000000 0 0
162 0.02000000000000 0 0
158 0.01000000000000 0 0
106 0.15000000000000 0 8
51 0.09000000000000 0 2
160 0.02000000000000 0 0
161 0.02000000000000 0 0
165 0.03000000000000 1 2
45 0.01000000000000 0 10
38 0.03000000000000 1 12
24 0.03000000000000 1 13
114 0.02000000000000 1 6
98 0.02000000000000 1 7
52 0.05000000000000 1 11
55 0.02000000000000 1 10
37 0.03000000000000 1 12
28 0.01000000000000 0 11
18 0.02000000000000 1 13
143 0.04000000000000 1 4
23 0.04000000000000 1 13
141 0.03000000000000 1 4
117 0.04000000000000 1 6
36 0.04000000000000 1 12
126 0.02000000000000 0 4
157 0.03000000000000 1 2
104 0.06000000000000 1 7
151 0.04000000000000 1 3
145 0.07000000000000 1 4
1 0.02000000000000 0 13
2 0.03000000000000 1 14
163 0.04000000000000 1 2
127 0.03000000000000 1 5
62 0.04000000000000 1 10
116 0.04000000000000 1 6
171 0.03000000000000 1 1
61 0.04000000000000 1 10
111 0.03000000000000 0 5
97 0.03000000000000 0 6
68 0.03000000000000 0 8
133 0.18000000000000 0 6
105 0.07000000000000 1 7
169 0.08000000000000 1 2
89 0.05000000000000 1 8
60 0.05000000000000 1 10
15 0.08000000000000 1 14
47 0.05000000000000 1 11
164 0.05000000000000 1 2
59 0.05000000000000 1 10
146 0.08000000000000 1 4
78 0.08000000000000 1 9
96 0.03000000000000 0 6
13 0.08000000000000 1 14
107 0.08000000000000 1 7
125 0.08000000000000 1 6
132 0.06000000000000 1 5
77 0.08000000000000 1 9
109 0.03000000000000 0 5
72 0.05000000000000 1 9
106 0.08000000000000 1 7
139 0.03000000000000 0 3
66 0.07000000000000 1 10
140 0.04000000000000 1 4
134 0.06000000000000 1 5
121 0.06000000000000 1 6
93 0.07000000000000 1 8
102 0.06000000000000 1 7
88 0.05000000000000 1 8
76 0.07000000000000 1 9
115 0.05000000000000 1 6
81 0.04000000000000 0 7
75 0.06000000000000 1 9
86 0.05000000000000 1 8
40 0.07000000000000 1 12
64 0.07000000000000 1 10
154 0.07000000000000 1 3
50 0.07000000000000 1 11
3 0.05000000000000 1 14
136 0.08000000000000 1 5
80 0.04000000000000 0 7
12 0.09000000000000 1 14
33 0.05000000000000 1 12
147 0.04000000000000 0 2
94 0.08000000000000 1 8
84 0.06000000000000 1 8
65 0.08000000000000 1 10
71 0.06000000000000 1 9
162 0.07000000000000 1 2
173 0.06000000000000 1 1
122 0.08000000000000 1 6
34 0.07000000000000 1 12
118 0.07000000000000 1 6
155 0.09000000000000 1 3
120 0.08000000000000 1 6
79 0.10000000000000 1 9
158 0.06000000000000 1 2
49 0.08000000000000 1 11
137 0.05000000000000 0 3
63 0.07000000000000 1 10
123 0.09000000000000 1 6
20 0.06000000000000 1 13
91 0.07000000000000 1 8
144 0.08000000000000 1 4
4 0.06000000000000 1 14
27 0.08000000000000 1 13
103 0.08000000000000 1 7
46 0.05000000000000 0 10
133 0.08000000000000 1 5
160 0.06000000000000 1 2
70 0.06000000000000 1 9
159 0.06000000000000 1 2
51 0.08000000000000 1 11
175 0.06000000000000 1 1
31 0.06000000000000 1 12
130 0.08000000000000 1 5
16 0.06000000000000 0 12
35 0.08000000000000 1 12
85 0.07000000000000 1 8
82 0.07000000000000 1 8
135 0.09000000000000 1 5
9 0.09000000000000 1 14
48 0.08000000000000 1 11
119 0.09000000000000 1 6
30 0.07000000000000 1 12
124 0.10000000000000 1 6
167 0.09000000000000 1 2
156 0.06000000000000 0 1
14 0.11000000000000 1 14
128 0.07000000000000 1 5
178 0.08000000000000 1 1
92 0.08000000000000 1 8
170 0.06000000000000 0 0
152 0.08000000000000 1 3
67 0.06000000000000 0 8
95 0.06000000000000 0 6
26 0.09000000000000 1 13
179 0.09000000000000 1 1
7 0.08000000000000 1 14
166 0.08000000000000 1 2
8 0.08000000000000 1 14
25 0.08000000000000 1 13
148 0.07000000000000 1 3
83 0.07000000000000 1 8
172 0.07000000000000 1 1
22 0.09000000000000 1 13
161 0.08000000000000 1 2
150 0.08000000000000 1 3
138 0.07000000000000 0 3
149 0.08000000000000 1 3
10 0.10000000000000 1 14
39 0.09000000000000 1 12
73 0.09000000000000 1 9
56 0.08000000000000 1 10
54 0.08000000000000 1 10
21 0.08000000000000 1 13
74 0.09000000000000 1 9
29 0.04000000000000 1 8
42 0.10000000000000 1 12
6 0.03000000000000 1 13
108 0.07000000000000 0 5
5 0.03000000000000 1 13
101 0.10000000000000 1 7
27 0.03000000000000 1 8
29 0.07000000000000 0 11
180 0.10000000000000 1 1
153 0.09000000000000 1 3
39 0.03000000000000 1 3
23 0.03000000000000 1 9
38 0.03000000000000 1 4
28 0.03000000000000 1 8
87 0.08000000000000 1 8
48 0.03000000000000 0 0
142 0.08000000000000 1 4
4 0.02000000000000 1 13
37 0.02000000000000 1 5
131 0.09000000000000 1 5
43 0.11000000000000 1 12
57 0.08000000000000 1 10
2 0.02000000000000 1 14
176 0.09000000000000 1 1
22 0.03000000000000 1 9
18 0.03000000000000 1 10
36 0.03000000000000 1 5
42 0.03000000000000 1 2
21 0.03000000000000 1 9
58 0.23000000000000 0 11
19 0.10000000000000 1 13
26 0.04000000000000 1 8
44 0.03000000000000 1 1
32 0.10000000000000 1 12
3 0.04000000000000 1 13
100 0.11000000000000 1 7
20 0.03000000000000 1 9
41 0.03000000000000 1 2
17 0.03000000000000 1 10
34 0.03000000000000 1 6
19 0.03000000000000 1 9
90 0.11000000000000 1 8
129 0.11000000000000 1 5
15 0.03000000000000 1 10
168 0.13000000000000 1 2
112 0.10000000000000 1 6
33 0.02000000000000 1 6
53 0.14000000000000 1 11
69 0.10000000000000 1 9
113 0.10000000000000 1 6
40 0.02000000000000 1 2
35 0.02000000000000 1 5
25 0.02000000000000 1 8
14 0.02000000000000 1 10
10 0.09000000000000 1 13
9 0.08000000000000 1 13
181 0.14000000000000 1 1
7 0.08000000000000 1 13
49 0.07000000000000 0 0
177 0.12000000000000 1 1
11 0.07000000000000 1 12
8 0.08000000000000 1 13
24 0.07000000000000 1 9
30 0.07000000000000 1 8
58 0.11000000000000 1 10
44 0.15000000000000 1 12
1 0.03000000000000 1 10
1 0.03000000000000 1 9
13 0.07000000000000 1 11
1 0.03000000000000 1 7
1 0.03000000000000 0 3
41 0.13000000000000 1 12
1 0.03000000000000 1 8
1 0.03000000000000 1 2
2 0.03000000000000 1 1
1 0.03000000000000 2 5
31 0.06000000000000 1 7
1 0.04000000000000 0 6
45 0.07000000000000 1 1
1 0.04000000000000 1 13
1 0.04000000000000 1 7
110 0.11000000000000 0 5
1 0.04000000000000 1 1
11 0.14000000000000 1 14
1 0.04000000000000 1 2
1 0.04000000000000 1 2
2 0.04000000000000 1 1
99 0.12000000000000 1 7
1 0.04000000000000 2 9
1 0.04000000000000 1 1
6 0.12000000000000 1 14
47 0.06000000000000 0 0
1 0.06000000000000 1 14
5 0.12000000000000 1 14
17 0.11000000000000 0 12
16 0.05000000000000 1 10
174 0.12000000000000 1 1
43 0.05000000000000 1 1
12 0.05000000000000 1 11
46 0.04000000000000 0 0
32 0.04000000000000 1 6
2 0.05000000000000 1 8
172 0.01000000000000 0 0
173 0.02000000000000 0 0
1 0.05000000000000 0 2
174 0.03000000000000 0 0
198 0.03000000000000 0 0
197 0.03000000000000 0 0
195 0.02000000000000 0 0
196 0.03000000000000 0 0
89 0.03000000000000 0 7
1 0.01000000000000 1 25
38 0.08000000000000 1 23
140 0.04000000000000 0 4
11 0.05000000000000 1 25
127 0.05000000000000 0 5
100 0.06000000000000 0 7
134 0.02000000000000 0 4
73 0.06000000000000 0 9
188 0.04000000000000 0 1
6 0.04000000000000 1 25
178 0.06000000000000 0 2
182 0.04000000000000 0 1
103 0.08000000000000 0 7
44 0.05000000000000 0 11
99 0.07000000000000 0 7
116 0.07000000000000 0 6
183 0.04000000000000 0 1
49 0.06000000000000 0 11
184 0.04000000000000 0 1
22 0.05000000000000 1 24
141 0.05000000000000 0 4
126 0.06000000000000 0 5
177 0.07000000000000 0 2
172 0.05000000000000 0 2
35 0.07000000000000 1 23
34 0.06000000000000 1 23
118 0.08000000000000 0 6
121 0.02000000000000 0 5
68 0.05000000000000 0 9
82 0.05000000000000 0 8
95 0.06000000000000 0 7
133 0.03000000000000 0 4
43 0.04000000000000 0 11
84 0.06000000000000 0 8
115 0.07000000000000 0 6
137 0.04000000000000 0 4
24 0.06000000000000 1 24
176 0.06000000000000 0 2
129 0.07000000000000 0 5
152 0.04000000000000 0 3
159 0.06000000000000 0 3
4 0.04000000000000 1 25
33 0.05000000000000 1 23
157 0.05000000000000 0 3
164 0.07000000000000 0 3
88 0.05000000000000 0 7
190 0.07000000000000 0 1
139 0.06000000000000 0 4
97 0.07000000000000 0 7
18 0.05000000000000 1 24
147 0.08000000000000 0 4
56 0.06000000000000 0 10
46 0.06000000000000 0 11
110 0.06000000000000 0 6
120 0.10000000000000 0 6
42 0.05000000000000 0 11
12 0.07000000000000 1 25
149 0.09000000000000 0 4
14 0.08000000000000 1 25
66 0.06000000000000 0 9
7 0.06000000000000 1 25
163 0.08000000000000 0 3
123 0.04000000000000 0 5
65 0.05000000000000 0 9
48 0.07000000000000 0 11
13 0.08000000000000 1 25
3 0.05000000000000 1 25
17 0.04000000000000 1 24
180 0.10000000000000 0 2
87 0.10000000000000 0 8
29 0.09000000000000 1 24
181 0.03000000000000 0 1
112 0.06000000000000 0 6
171 0.06000000000000 0 2
170 0.06000000000000 0 2
161 0.07000000000000 0 3
173 0.07000000000000 0 2
125 0.06000000000000 0 5
76 0.04000000000000 0 8
53 0.08000000000000 0 11
58 0.08000000000000 0 10
16 0.05000000000000 1 24
47 0.07000000000000 0 11
132 0.05000000000000 0 4
31 0.05000000000000 1 23
150 0.10000000000000 0 4
8 0.07000000000000 1 25
62 0.09000000000000 0 10
143 0.08000000000000 0 4
142 0.07000000000000 0 4
111 0.07000000000000 0 6
107 0.06000000000000 0 6
79 0.06000000000000 0 8
85 0.09000000000000 0 8
194 0.09000000000000 0 1
74 0.10000000000000 0 9
63 0.03000000000000 0 9
55 0.07000000000000 0 10
106 0.06000000000000 0 6
91 0.06000000000000 0 7
119 0.11000000000000 0 6
186 0.06000000000000 0 1
198 0.06000000000000 0 0
154 0.07000000000000 0 3
189 0.07000000000000 0 1
51 0.09000000000000 0 11
138 0.07000000000000 0 4
50 0.09000000000000 0 11
70 0.09000000000000 0 9
72 0.10000000000000 0 9
10 0.09000000000000 1 25
153 0.07000000000000 0 3
128 0.10000000000000 0 5
52 0.10000000000000 0 11
30 0.12000000000000 1 24
196 0.11000000000000 0 1
94 0.08000000000000 0 7
32 0.08000000000000 1 23
54 0.12000000000000 0 11
191 0.09000000000000 0 1
81 0.08000000000000 0 8
169 0.08000000000000 0 2
26 0.10000000000000 1 24
67 0.08000000000000 0 9
69 0.08000000000000 0 9
130 0.10000000000000 0 5
45 0.08000000000000 0 11
9 0.09000000000000 1 25
151 0.07000000000000 0 3
114 0.08000000000000 0 6
105 0.07000000000000 0 6
156 0.08000000000000 0 3
192 0.10000000000000 0 1
19 0.08000000000000 1 24
15 0.06000000000000 1 24
135 0.07000000000000 0 4
2 0.07000000000000 1 25
64 0.07000000000000 0 9
168 0.07000000000000 0 2
195 0.10000000000000 0 1
131 0.10000000000000 0 5
158 0.10000000000000 0 3
166 0.13000000000000 0 3
109 0.08000000000000 0 6
37 0.11000000000000 1 23
144 0.10000000000000 0 4
96 0.10000000000000 0 7
146 0.10000000000000 0 4
86 0.11000000000000 0 8
92 0.08000000000000 0 7
117 0.12000000000000 0 6
39 0.08000000000000 0 11
167 0.08000000000000 0 2
78 0.08000000000000 0 8
124 0.08000000000000 0 5
108 0.08000000000000 0 6
104 0.08000000000000 0 6
80 0.08000000000000 0 8
83 0.10000000000000 0 8
193 0.11000000000000 0 1
148 0.11000000000000 0 4
187 0.09000000000000 0 1
155 0.09000000000000 0 3
41 0.08000000000000 0 11
5 0.08000000000000 1 25
160 0.10000000000000 0 3
61 0.11000000000000 0 10
57 0.09000000000000 0 10
75 0.06000000000000 0 8
179 0.13000000000000 0 2
59 0.10000000000000 0 10
90 0.08000000000000 0 7
101 0.11000000000000 0 7
175 0.10000000000000 0 2
77 0.08000000000000 0 8
23 0.09000000000000 1 24
145 0.10000000000000 0 4
60 0.11000000000000 0 10
93 0.09000000000000 0 7
20 0.10000000000000 1 24
197 0.09000000000000 0 0
28 0.12000000000000 1 24
21 0.10000000000000 1 24
27 0.12000000000000 1 24
165 0.14000000000000 0 3
98 0.11000000000000 0 7
23 0.06000000000000 0 0
162 0.11000000000000 0 3
36 0.12000000000000 1 23
25 0.11000000000000 1 24
199 0.09000000000000 0 0
122 0.08000000000000 0 5
174 0.12000000000000 0 2
40 0.11000000000000 0 11
185 0.11000000000000 0 1
136 0.11000000000000 0 4
113 0.12000000000000 0 6
24 0.03000000000000 1 13
4 0.00000000000000 1 27
35 0.00000000000000 0 10
3 0.00000000000000 1 27
47 0.00000000000000 0 9
92 0.00000000000000 0 2
34 0.00000000000000 0 10
18 0.02000000000000 1 14
44 0.02000000000000 1 11
63 0.00000000000000 0 7
20 0.00000000000000 0 12
2 0.00000000000000 1 27
43 0.02000000000000 1 11
29 0.00000000000000 0 11
1 0.00000000000000 1 27
22 0.07000000000000 1 1
99 0.02000000000000 1 3
27 0.00000000000000 0 11
11 0.00000000000000 0 13
36 0.00000000000000 0 10
112 0.02000000000000 1 1
61 0.00000000000000 0 7
8 0.02000000000000 1 27
33 0.00000000000000 0 10
100 0.04000000000000 1 3
64 0.00000000000000 0 7
53 0.00000000000000 0 8
71 0.02000000000000 0 6
10 0.01000000000000 0 13
26 0.01000000000000 0 11
98 0.03000000000000 0 2
12 0.01000000000000 0 13
86 0.01000000000000 0 3
88 0.02000000000000 0 3
46 0.01000000000000 0 9
79 0.01000000000000 0 4
73 0.01000000000000 0 5
108 0.03000000000000 1 2
9 0.01000000000000 0 13
72 0.09000000000000 1 7
23 0.03000000000000 0 12
113 0.08000000000000 1 1
71 0.14000000000000 0 9
58 0.03000000000000 0 8
107 0.03000000000000 0 1
32 0.03000000000000 0 11
105 0.03000000000000 0 1
106 0.03000000000000 0 1
52 0.03000000000000 0 9
104 0.03000000000000 0 1
60 0.08000000000000 1 9
82 0.03000000000000 0 4
59 0.03000000000000 0 8
7 0.03000000000000 1 27
17 0.03000000000000 0 13
42 0.03000000000000 0 10
78 0.08000000000000 1 6
22 0.03000000000000 0 12
97 0.03000000000000 0 2
90 0.03000000000000 0 3
83 0.07000000000000 1 5
31 0.03000000000000 0 11
84 0.08000000000000 1 5
76 0.03000000000000 0 5
89 0.03000000000000 0 3
16 0.03000000000000 0 13
50 0.03000000000000 0 9
67 0.02000000000000 0 7
30 0.02000000000000 0 11
21 0.02000000000000 0 12
51 0.03000000000000 0 9
85 0.08000000000000 1 5
81 0.03000000000000 0 4
45 0.08000000000000 1 11
96 0.02000000000000 0 2
101 0.02000000000000 0 1
66 0.02000000000000 0 7
70 0.02000000000000 0 6
25 0.07000000000000 1 13
15 0.02000000000000 0 13
87 0.02000000000000 0 3
56 0.02000000000000 0 8
69 0.02000000000000 0 6
68 0.02000000000000 0 6
75 0.01000000000000 0 5
95 0.02000000000000 0 2
49 0.02000000000000 0 9
14 0.02000000000000 0 13
55 0.02000000000000 0 8
110 0.02000000000000 0 0
65 0.03000000000000 0 7
41 0.03000000000000 0 10
6 0.02000000000000 1 27
57 0.03000000000000 0 8
39 0.02000000000000 0 10
91 0.07000000000000 1 4
38 0.02000000000000 0 10
102 0.03000000000000 0 1
80 0.02000000000000 0 4
48 0.02000000000000 0 9
111 0.02000000000000 0 0
5 0.02000000000000 1 27
37 0.02000000000000 0 10
54 0.02000000000000 0 8
74 0.02000000000000 0 5
103 0.04000000000000 0 1
13 0.02000000000000 0 13
94 0.02000000000000 0 2
28 0.02000000000000 0 11
109 0.05000000000000 1 2
62 0.02000000000000 0 7
40 0.02000000000000 0 10
93 0.02000000000000 0 2
19 0.05000000000000 1 14
102 0.16000000000000 0 7
18 0.01000000000000 1 4
21 0.00000000000000 1 1
15 0.01000000000000 1 5
17 0.00000000000000 1 4
20 0.00000000000000 1 1
13 0.00000000000000 1 6
12 0.00000000000000 1 6
19 0.00000000000000 1 3
14 0.01000000000000 1 6
16 0.02000000000000 1 5
22 0.02000000000000 0 0
77 0.08000000000000 1 6
13 0.02000000000000 1 7
9 0.01000000000000 1 9
11 0.01000000000000 1 8
10 0.01000000000000 1 9
12 0.02000000000000 1 8
8 0.02000000000000 1 12
6 0.02000000000000 0 6
7 0.02000000000000 1 12
5 0.03000000000000 1 13
4 0.02000000000000 1 13
2 0.03000000000000 1 14
3 0.02000000000000 0 7
1 0.02000000000000 1 14
